local keyFrames = {
   {
    Time = 0.067,
    Motors = {
        ["Left Leg"] = {C0 = CFrame.new(-0.991347611, -0.994798839, 0.0298447628, 0.256188363, -8.95031262e-05, -0.966626883, 0.0156452004, 0.999869406, 0.00405391958, 0.966500282, -0.0161616374, 0.256156296), DesiredAngle = nil},
        ["Right Arm"] = {C0 = CFrame.new(1.01731062, 0.291900635, -0.150284156, -0.445751727, -0.583641887, 0.678724706, 0.858514428, -0.493447542, 0.139508128, 0.253492385, 0.644881129, 0.721020043), DesiredAngle = nil},
        ["Head"] = {C0 = CFrame.new(0, 1.00000048, -4.48226911e-06, -1, 0, 0, 0, -0.120224975, 0.992746651, 0, 0.992746651, 0.120224975), DesiredAngle = nil},
        ["Torso"] = {C0 = CFrame.new(0, 0, 4.48226911e-06, -1, 0, 0, 0, 0.0332420245, 0.999447346, 0, 0.999447346, -0.0332420245), DesiredAngle = nil},
        ["Right Leg"] = {C0 = CFrame.new(0.957754433, -1.00288343, -0.226240546, 0.233932406, -0.000396415591, 0.972252786, -0.0147671197, 0.999883115, 0.0039607808, -0.97214067, -0.0152839273, 0.233899206), DesiredAngle = nil},
        ["Left Arm"] = {C0 = CFrame.new(-0.935754657, 0.28038761, -0.0390800983, -0.39834553, 0.548112631, -0.735454559, -0.866628826, -0.487556964, 0.106031746, -0.30045864, 0.679603398, 0.669226348), DesiredAngle = nil},
    }
},

{
    Time = 0.066,
    Motors = {
        ["Left Leg"] = {C0 = CFrame.new(-0.986403346, -0.991826594, 0.0468945466, 0.258543253, -0.000171594555, -0.965999663, 0.024574656, 0.999677539, 0.00639966875, 0.965687037, -0.0253937021, 0.258464098), DesiredAngle = nil},
        ["Right Arm"] = {C0 = CFrame.new(1.00846243, 0.394424379, -0.199158221, -0.481251955, -0.553973198, 0.679345489, 0.826527596, -0.544906139, 0.141172066, 0.291973978, 0.629437089, 0.720111251), DesiredAngle = nil},
        ["Head"] = {C0 = CFrame.new(0, 1.00000083, -4.86373892e-06, -1, 0, 0, 0, -0.176485017, 0.984303355, 0, 0.984303355, 0.176485017), DesiredAngle = nil},
        ["Torso"] = {C0 = CFrame.new(0, 0, 4.86373892e-06, -1, 0, 0, 0, 0.0273105744, 0.999626994, 0, 0.999626994, -0.0273105744), DesiredAngle = nil},
        ["Right Leg"] = {C0 = CFrame.new(0.955301166, -1.00453103, -0.221644595, 0.240029067, -0.000547520583, 0.970765531, -0.0231816154, 0.999711454, 0.00629567262, -0.970488906, -0.0240150597, 0.23994711), DesiredAngle = nil},
        ["Left Arm"] = {C0 = CFrame.new(-0.919182479, 0.38508153, -0.0801580846, -0.430461168, 0.52260083, -0.73592937, -0.836332262, -0.537593722, 0.107431009, -0.339487314, 0.661726177, 0.668481112), DesiredAngle = nil},
    }
},

{
    Time = 0.066,
    Motors = {
        ["Left Leg"] = {C0 = CFrame.new(-0.981459141, -0.988854289, 0.0639443398, 0.260899276, -0.000276238192, -0.965365946, 0.033495333, 0.999400437, 0.0087664593, 0.964784741, -0.0346224196, 0.260752112), DesiredAngle = nil},
        ["Right Arm"] = {C0 = CFrame.new(0.999614239, 0.496948123, -0.248032331, -0.514742136, -0.522627771, 0.679632843, 0.79144758, -0.594438851, 0.142313793, 0.329623014, 0.611148655, 0.719615221), DesiredAngle = nil},
        ["Head"] = {C0 = CFrame.new(0, 1.00000107, -5.24520874e-06, -1, 0, 0, 0, -0.232173949, 0.972674251, 0, 0.972674251, 0.232173949), DesiredAngle = nil},
        ["Torso"] = {C0 = CFrame.new(0, 0, 5.24520874e-06, -1, 0, 0, 0, 0.0213781558, 0.999771476, 0, 0.999771476, -0.0213781558), DesiredAngle = nil},
        ["Right Leg"] = {C0 = CFrame.new(0.952847958, -1.00617862, -0.217048645, 0.246120021, -0.000643721782, 0.969239116, -0.0315775424, 0.999463618, 0.00868232362, -0.968724787, -0.0327430815, 0.245967671), DesiredAngle = nil},
        ["Left Arm"] = {C0 = CFrame.new(-0.902610302, 0.489775479, -0.121236086, -0.460889012, 0.495642662, -0.736151874, -0.803141415, -0.585846722, 0.108385801, -0.377551615, 0.641187966, 0.668081522), DesiredAngle = nil},
    }
},

{
    Time = 0.066,
    Motors = {
        ["Left Leg"] = {C0 = CFrame.new(-0.976514935, -0.985882044, 0.0809941441, 0.263256252, -0.000403475016, -0.964725852, 0.0424064063, 0.99903816, 0.0111541217, 0.963793457, -0.0438469462, 0.263020158), DesiredAngle = nil},
        ["Right Arm"] = {C0 = CFrame.new(0.990766048, 0.599471927, -0.296906471, -0.546130896, -0.489735901, 0.679632008, 0.753396809, -0.641852558, 0.142893553, 0.366243452, 0.590071261, 0.719501019), DesiredAngle = nil},
        ["Head"] = {C0 = CFrame.new(0, 1.00000131, -5.62667901e-06, -1, 0, 0, 0, -0.287111461, 0.957897186, 0, 0.957897186, 0.287111461), DesiredAngle = nil},
        ["Torso"] = {C0 = CFrame.new(0, 0, 5.62667901e-06, -1, 0, 0, 0, 0.01544498, 0.999880731, 0, 0.999880731, -0.01544498), DesiredAngle = nil},
        ["Right Leg"] = {C0 = CFrame.new(0.95039475, -1.00782621, -0.212452695, 0.252204686, -0.000685004983, 0.967673659, -0.0399539135, 0.999139667, 0.0111204628, -0.966848731, -0.0414669849, 0.251960307), DesiredAngle = nil},
        ["Left Arm"] = {C0 = CFrame.new(-0.886038065, 0.594469488, -0.162314117, -0.489555299, 0.46734333, -0.736155927, -0.767165184, -0.632143915, 0.108864963, -0.414479256, 0.618048668, 0.66799897), DesiredAngle = nil},
    }
},

{
    Time = 0.066,
    Motors = {
        ["Left Leg"] = {C0 = CFrame.new(-0.971570671, -0.982909739, 0.0980439484, 0.265613914, -0.000553332735, -0.96407932, 0.0513070412, 0.998590827, 0.0135624781, 0.962713301, -0.0530664437, 0.265268028), DesiredAngle = nil},
        ["Right Arm"] = {C0 = CFrame.new(0.981917858, 0.70199579, -0.345780611, -0.575336576, -0.45543313, 0.679388106, 0.712509751, -0.68696171, 0.142875433, 0.401643544, 0.566272259, 0.719734788), DesiredAngle = nil},
        ["Head"] = {C0 = CFrame.new(0, 1.00000167, -6.00814883e-06, -1, 0, 0, 0, -0.341119736, 0.940019846, 0, 0.940019846, 0.341119736), DesiredAngle = nil},
        ["Torso"] = {C0 = CFrame.new(0, 0, 6.00814883e-06, -1, 0, 0, 0, 0.00951126684, 0.99995476, 0, 0.99995476, -0.00951126684), DesiredAngle = nil},
        ["Right Leg"] = {C0 = CFrame.new(0.947941482, -1.0094738, -0.207856745, 0.258282244, -0.000671331305, 0.966069221, -0.048309762, 0.99873966, 0.0136098396, -0.964860797, -0.0501857586, 0.257924318), DesiredAngle = nil},
        ["Left Arm"] = {C0 = CFrame.new(-0.869465888, 0.699163496, -0.203392133, -0.516392767, 0.437811792, -0.735975266, -0.72852397, -0.676318407, 0.108840927, -0.450101703, 0.592380166, 0.668202341), DesiredAngle = nil},
    }
},

{
    Time = 0.068,
    Motors = {
        ["Left Leg"] = {C0 = CFrame.new(-0.966626465, -0.979937434, 0.115093745, 0.267972022, -0.000725853723, -0.963426471, 0.0601964109, 0.998058438, 0.0159913618, 0.961544275, -0.0622800477, 0.267495424), DesiredAngle = nil},
        ["Right Arm"] = {C0 = CFrame.new(0.973069668, 0.804519534, -0.394654691, -0.6022861, -0.419859231, 0.678947449, 0.66893369, -0.729588151, 0.142227709, 0.435636401, 0.539832652, 0.720278859), DesiredAngle = nil},
        ["Head"] = {C0 = CFrame.new(0, 1.00000191, -6.38961865e-06, -1, 0, 0, 0, -0.394023925, 0.919100165, 0, 0.919100165, 0.394023925), DesiredAngle = nil},
        ["Torso"] = {C0 = CFrame.new(0, 0, 6.38961865e-06, -1, 0, 0, 0, 0.0035772128, 0.999993622, 0, 0.999993622, -0.0035772128), DesiredAngle = nil},
        ["Right Leg"] = {C0 = CFrame.new(0.945488274, -1.01112139, -0.203260779, 0.264352083, -0.000602690969, 0.964426041, -0.056644123, 0.998263776, 0.0161501747, -0.962761343, -0.0588984005, 0.263858974), DesiredAngle = nil},
        ["Left Arm"] = {C0 = CFrame.new(-0.85289371, 0.803857505, -0.244470149, -0.541341186, 0.407160461, -0.735642791, -0.687347233, -0.718211174, 0.108289108, -0.484255731, 0.564263284, 0.668657899), DesiredAngle = nil},
    }
},

{
    Time = 0.066,
    Motors = {
        ["Left Leg"] = {C0 = CFrame.new(-0.9616822, -0.976965189, 0.132143527, 0.27033034, -0.000921068713, -0.962767184, 0.0690736845, 0.997441113, 0.0184405912, 0.960286617, -0.0714869276, 0.269702226), DesiredAngle = nil},
        ["Right Arm"] = {C0 = CFrame.new(0.964221478, 0.907043338, -0.443528831, -0.626916409, -0.383157909, 0.678355455, 0.622826517, -0.769563437, 0.140922844, 0.468041718, 0.510844529, 0.72109282), DesiredAngle = nil},
        ["Head"] = {C0 = CFrame.new(0, 1.00000226, -6.77108847e-06, -1, 0, 0, 0, -0.445652962, 0.895205796, 0, 0.895205796, 0.445652962), DesiredAngle = nil},
        ["Torso"] = {C0 = CFrame.new(0, 0, 6.77108847e-06, -1, 0, 0, 0, -0.00235696044, 0.999997199, 0, 0.999997199, 0.00235696044), DesiredAngle = nil},
        ["Right Leg"] = {C0 = CFrame.new(0.943035007, -1.0127691, -0.198664844, 0.270413458, -0.000479082577, 0.962744176, -0.0649560243, 0.997712135, 0.0187411904, -0.960550487, -0.067603901, 0.269763649), DesiredAngle = nil},
        ["Left Arm"] = {C0 = CFrame.new(-0.836321473, 0.908551455, -0.285548151, -0.564348102, 0.375504613, -0.73519212, -0.643774271, -0.757671058, 0.107188031, -0.516784251, 0.533789158, 0.669330478), DesiredAngle = nil},
    }
},

{
    Time = 0.067,
    Motors = {
        ["Left Leg"] = {C0 = CFrame.new(-0.956737995, -0.973992884, 0.149193302, 0.272688687, -0.00113900099, -0.962101638, 0.07793805, 0.996738911, 0.0209099874, 0.958940327, -0.0806862414, 0.271888196), DesiredAngle = nil},
        ["Right Arm"] = {C0 = CFrame.new(0.955373287, 1.00956702, -0.492402852, -0.649173975, -0.345476091, 0.677657366, 0.574356854, -0.806728244, 0.138937742, 0.498685658, 0.4794119, 0.722133517), DesiredAngle = nil},
        ["Head"] = {C0 = CFrame.new(0, 1.0000025, -7.15255783e-06, -1, 0, 0, 0, -0.495839447, 0.868414223, 0, 0.868414223, 0.495839447), DesiredAngle = nil},
        ["Torso"] = {C0 = CFrame.new(0, 0, 7.15255783e-06, -1, 0, 0, 0, -0.00829104427, 0.999965608, 0, 0.999965608, 0.00829104427), DesiredAngle = nil},
        ["Right Leg"] = {C0 = CFrame.new(0.940581799, -1.01441669, -0.194068909, 0.276465505, -0.000300487503, 0.961023748, -0.0732444748, 0.997084796, 0.0213826075, -0.958228588, -0.0763012394, 0.275637537), DesiredAngle = nil},
        ["Left Arm"] = {C0 = CFrame.new(-0.819749355, 1.01324534, -0.326626122, -0.585367858, 0.342962414, -0.734657288, -0.597954333, -0.794553995, 0.105520099, -0.54753536, 0.501059592, 0.670182288), DesiredAngle = nil},
    }
},

{
    Time = 0.067,
    Motors = {
        ["Left Leg"] = {C0 = CFrame.new(-0.95179379, -0.971020639, 0.166243076, 0.275046855, -0.00137968827, -0.961429834, 0.0867886916, 0.995951891, 0.0233993791, 0.957505584, -0.0898771659, 0.274053186), DesiredAngle = nil},
        ["Right Arm"] = {C0 = CFrame.new(0.946525097, 1.11209059, -0.541276872, -0.66901505, -0.306963742, 0.676898777, 0.523704648, -0.840932906, 0.136254326, 0.527401447, 0.445651293, 0.723355055), DesiredAngle = nil},
        ["Head"] = {C0 = CFrame.new(0, 1.00000274, -7.53402719e-06, -1, 0, 0, 0, -0.544421256, 0.838811994, 0, 0.838811994, 0.544421256), DesiredAngle = nil},
        ["Torso"] = {C0 = CFrame.new(0, 0, 7.53402719e-06, -1, 0, 0, 0, -0.0142248366, 0.999898851, 0, 0.999898851, 0.0142248366), DesiredAngle = nil},
        ["Right Leg"] = {C0 = CFrame.new(0.938128591, -1.01606429, -0.189472958, 0.282507628, -6.69201836e-05, 0.959265053, -0.0815085471, 0.996381879, 0.0240741372, -0.955795884, -0.0849894285, 0.281480044), DesiredAngle = nil},
        ["Left Arm"] = {C0 = CFrame.new(-0.803177118, 1.11793911, -0.367704064, -0.604362547, 0.309654295, -0.734071195, -0.550045431, -0.82872498, 0.103271425, -0.576364517, 0.466185749, 0.671174228), DesiredAngle = nil},
    }
},

{
    Time = 0.067,
    Motors = {
        ["Left Leg"] = {C0 = CFrame.new(-0.956737995, -0.973992884, 0.149193302, 0.272688687, -0.00113900099, -0.962101638, 0.07793805, 0.996738911, 0.0209099874, 0.958940327, -0.0806862414, 0.271888196), DesiredAngle = nil},
        ["Right Arm"] = {C0 = CFrame.new(0.955373287, 1.00956702, -0.492402852, -0.649173975, -0.345476091, 0.677657366, 0.574356854, -0.806728244, 0.138937742, 0.498685658, 0.4794119, 0.722133517), DesiredAngle = nil},
        ["Head"] = {C0 = CFrame.new(1.43051011e-06, 1.00000238, -6.19888442e-06, -0.994716883, -0.102652781, 0.000868875533, 0.0585605502, -0.560465932, 0.826104522, -0.0843149498, 0.821790993, 0.563516378), DesiredAngle = nil},
        ["Torso"] = {C0 = CFrame.new(0, 0, 7.15255783e-06, -1, 0, 0, 0, -0.00829104427, 0.999965608, 0, 0.999965608, 0.00829104427), DesiredAngle = nil},
        ["Right Leg"] = {C0 = CFrame.new(0.940581799, -1.01441669, -0.194068909, 0.276465505, -0.000300487503, 0.961023748, -0.0732444748, 0.997084796, 0.0213826075, -0.958228588, -0.0763012394, 0.275637537), DesiredAngle = nil},
        ["Left Arm"] = {C0 = CFrame.new(-0.819749355, 1.01324534, -0.326626122, -0.585367858, 0.342962414, -0.734657288, -0.597954333, -0.794553995, 0.105520099, -0.54753536, 0.501059592, 0.670182288), DesiredAngle = nil},
    }
},

{
    Time = 0.066,
    Motors = {
        ["Left Leg"] = {C0 = CFrame.new(-0.964978337, -0.978946686, 0.120777018, 0.268758059, -0.0007884074, -0.963207364, 0.0631568804, 0.997862101, 0.0168055221, 0.961134911, -0.0653497949, 0.268233299), DesiredAngle = nil},
        ["Right Arm"] = {C0 = CFrame.new(0.970120251, 0.838694215, -0.410946101, -0.610756874, -0.407743394, 0.678764522, 0.653837442, -0.743216217, 0.141866907, 0.446623504, 0.530447841, 0.720522285), DesiredAngle = nil},
        ["Head"] = {C0 = CFrame.new(3.33785715e-06, 1.00000179, -4.29153761e-06, -0.971384406, -0.237512529, 0.000432819128, 0.136782303, -0.557923853, 0.818542361, -0.194172591, 0.795178473, 0.574446023), DesiredAngle = nil},
        ["Torso"] = {C0 = CFrame.new(0, 0, 6.51677556e-06, -1, 0, 0, 0, 0.00159915572, 0.999998748, 0, 0.999998748, -0.00159915572), DesiredAngle = nil},
        ["Right Leg"] = {C0 = CFrame.new(0.944670498, -1.01167059, -0.201728821, 0.266373485, -0.0005675992, 0.963869691, -0.0594173037, 0.9980883, 0.0170082264, -0.962036729, -0.0618010797, 0.265830547), DesiredAngle = nil},
        ["Left Arm"] = {C0 = CFrame.new(-0.847369611, 0.838755548, -0.258162856, -0.549228251, 0.3967143, -0.735503852, -0.673081815, -0.731642187, 0.107984036, -0.495286942, 0.554362237, 0.66885978), DesiredAngle = nil},
    }
},

{
    Time = 0.066,
    Motors = {
        ["Left Leg"] = {C0 = CFrame.new(-0.973218739, -0.983900487, 0.0923607349, 0.264827937, -0.000500865281, -0.964295566, 0.0483414009, 0.998749375, 0.0127574122, 0.963083208, -0.0499939173, 0.264520973), DesiredAngle = nil},
        ["Right Arm"] = {C0 = CFrame.new(0.984867215, 0.667821527, -0.32948941, -0.565848708, -0.467015505, 0.679493785, 0.726445019, -0.672192633, 0.142949954, 0.389990866, 0.574502885, 0.719620347), DesiredAngle = nil},
        ["Head"] = {C0 = CFrame.new(1.90735432e-06, 1.00000012, -1.90735432e-06, -0.999992967, -0.00137992646, -0.00348253734, -0.0019784742, -0.594868541, 0.80382055, -0.00318086543, 0.803821802, 0.594861627), DesiredAngle = nil},
        ["Torso"] = {C0 = CFrame.new(0, 0, 5.88099374e-06, -1, 0, 0, 0, 0.0114891939, 0.999934018, 0, 0.999934018, -0.0114891939), DesiredAngle = nil},
        ["Right Leg"] = {C0 = CFrame.new(0.948759198, -1.0089246, -0.209388703, 0.256257266, -0.000681993552, 0.966608346, -0.0455268472, 0.998881459, 0.0127743836, -0.96553582, -0.0472801626, 0.255939573), DesiredAngle = nil},
        ["Left Arm"] = {C0 = CFrame.new(-0.874989867, 0.664265871, -0.189699605, -0.507654071, 0.447785616, -0.736054122, -0.741692662, -0.661839485, 0.108906507, -0.438382804, 0.601212621, 0.668104768), DesiredAngle = nil},
    }
},

{
    Time = 0.068,
    Motors = {
        ["Left Leg"] = {C0 = CFrame.new(-0.981459081, -0.988854289, 0.0639444515, 0.260899335, -0.000276237726, -0.965365946, 0.0334953927, 0.999400437, 0.00876647234, 0.964784741, -0.0346224792, 0.260752171), DesiredAngle = nil},
        ["Right Arm"] = {C0 = CFrame.new(0.999614179, 0.496948808, -0.248032644, -0.514742196, -0.522627473, 0.679632783, 0.791447282, -0.59443903, 0.142313823, 0.329623222, 0.611148596, 0.719615042), DesiredAngle = nil},
        ["Head"] = {C0 = CFrame.new(6.35775223e-07, 0.999999106, -6.35775223e-07, -0.983841419, 0.179029167, -0.00212948397, -0.110870898, -0.599857688, 0.792387784, 0.140583158, 0.779820085, 0.610013962), DesiredAngle = nil},
        ["Torso"] = {C0 = CFrame.new(0, 0, 5.24521147e-06, -1, 0, 0, 0, 0.0213781148, 0.999771476, 0, 0.999771476, -0.0213781148), DesiredAngle = nil},
        ["Right Leg"] = {C0 = CFrame.new(0.952847958, -1.00617862, -0.217048615, 0.246120065, -0.00064372411, 0.969239116, -0.0315775909, 0.999463618, 0.00868233666, -0.968724787, -0.0327431373, 0.245967716), DesiredAngle = nil},
        ["Left Arm"] = {C0 = CFrame.new(-0.902610183, 0.489776164, -0.121236362, -0.46088925, 0.495642424, -0.736151874, -0.803141117, -0.585847139, 0.108385727, -0.377551913, 0.641187668, 0.668081462), DesiredAngle = nil},
    }
},

{
    Time = 0.067,
    Motors = {
        ["Left Leg"] = {C0 = CFrame.new(-0.989699483, -0.993808091, 0.0355281644, 0.256973177, -0.000114365015, -0.966418505, 0.0186226889, 0.999814868, 0.00483350735, 0.966239095, -0.0192393921, 0.256927758), DesiredAngle = nil},
        ["Right Arm"] = {C0 = CFrame.new(1.01436114, 0.32607609, -0.166575924, -0.457802892, -0.573946238, 0.678971589, 0.848202527, -0.510802627, 0.140118241, 0.266400039, 0.640051901, 0.720669627), DesiredAngle = nil},
        ["Head"] = {C0 = CFrame.new(3.17890385e-06, 1.00000119, -3.17890385e-06, -0.983286858, -0.182055071, -0.00172844529, 0.104652487, -0.572950006, 0.81288147, -0.1489795, 0.799114764, 0.582426667), DesiredAngle = nil},
        ["Torso"] = {C0 = CFrame.new(0, 0, 4.6094292e-06, -1, 0, 0, 0, 0.0312649421, 0.999511123, 0, 0.999511123, -0.0312649421), DesiredAngle = nil},
        ["Right Leg"] = {C0 = CFrame.new(0.956936657, -1.00343263, -0.224708527, 0.235965237, -0.000452883774, 0.971761405, -0.0175740235, 0.999834359, 0.00473333057, -0.971602559, -0.0181946605, 0.235918179), DesiredAngle = nil},
        ["Left Arm"] = {C0 = CFrame.new(-0.930230498, 0.315286458, -0.0527731031, -0.409233719, 0.539775372, -0.735642552, -0.856857359, -0.504423976, 0.106545433, -0.313565224, 0.673942864, 0.668937802), DesiredAngle = nil},
    }
},

{
    Time = 0.066,
    Motors = {
        ["Left Leg"] = {C0 = CFrame.new(-0.997939885, -0.998761892, 0.00711185299, 0.253050655, -1.50682463e-05, -0.967453003, 0.00372709753, 0.999992609, 0.00095929869, 0.96744585, -0.00384854292, 0.253048867), DesiredAngle = nil},
        ["Right Arm"] = {C0 = CFrame.new(1.02910817, 0.155203223, -0.0851191059, -0.39546591, -0.620376825, 0.677303314, 0.896165073, -0.422186673, 0.136553049, 0.201233953, 0.660977423, 0.722920477), DesiredAngle = nil},
        ["Head"] = {C0 = CFrame.new(9.53693075e-07, 1.0000006, -3.81469727e-06, -0.997664094, -0.0682978258, -0.00128686242, 0.0404846892, -0.606345952, 0.794169664, -0.0550203472, 0.792262495, 0.607694685), DesiredAngle = nil},
        ["Torso"] = {C0 = CFrame.new(0, 0, 3.97364602e-06, -1, 0, 0, 0, 0.0411487184, 0.999153018, 0, 0.999153018, -0.0411487184), DesiredAngle = nil},
        ["Right Leg"] = {C0 = CFrame.new(0.961025357, -1.00068665, -0.232368439, 0.225796133, -0.000109614921, 0.974174559, -0.0035206594, 0.999993384, 0.000928546069, -0.974168181, -0.00363939884, 0.225794256), DesiredAngle = nil},
        ["Left Arm"] = {C0 = CFrame.new(-0.957850814, 0.140796572, 0.0156902149, -0.35304004, 0.579705119, -0.734373689, -0.902353883, -0.418375701, 0.103533834, -0.247224972, 0.699216485, 0.670802534), DesiredAngle = nil},
    }
},

{
    Time = 0.066,
    Motors = {
        ["Left Leg"] = {C0 = CFrame.new(-1, -1.00000036, 7.62939453e-06, 0.252070665, 0, -0.967708826, 0, 1, 0, 0.967708826, 0, 0.252070665), DesiredAngle = nil},
        ["Right Arm"] = {C0 = CFrame.new(1.03279495, 0.112484097, -0.0647544861, -0.379095256, -0.631155431, 0.676705062, 0.906727791, -0.399364531, 0.135472655, 0.184747666, 0.664944291, 0.723683298), DesiredAngle = nil},
        ["Head"] = {C0 = CFrame.new(1.90733499e-06, 1.00000095, -3.81469727e-06, -0.990654528, -0.136384681, -0.00168165192, 0.0801192075, -0.591849685, 0.802056611, -0.110383518, 0.794426322, 0.597245574), DesiredAngle = nil},
        ["Torso"] = {C0 = CFrame.new(0, 0, 3.81469727e-06, -1, 0, 0, 0, 0.0436191224, 0.999048233, 0, 0.999048233, -0.0436191224), DesiredAngle = nil},
        ["Right Leg"] = {C0 = CFrame.new(0.962047577, -1.00000012, -0.234283447, 0.223251939, -1.01436148e-09, 0.974760771, 1.95351912e-09, 1, 5.93206484e-10, -0.974760771, 1.77177917e-09, 0.223251939), DesiredAngle = nil},
        ["Left Arm"] = {C0 = CFrame.new(-0.964756012, 0.097173214, 0.0328063965, -0.33832854, 0.588978052, -0.733920217, -0.912394762, -0.396239281, 0.102617368, -0.230368584, 0.7043432, 0.671439469), DesiredAngle = nil},
    }
},

{
    Time = 0.067,
    Motors = {
        ["Left Leg"] = {C0 = CFrame.new(-1, -1.00000036, 7.62939453e-06, 0.252070665, 0, -0.967708826, 0, 1, 0, 0.967708826, 0, 0.252070665), DesiredAngle = nil},
        ["Right Arm"] = {C0 = CFrame.new(1.03279495, 0.112484097, -0.0647544861, -0.379095256, -0.631155431, 0.676705062, 0.906727791, -0.399364531, 0.135472655, 0.184747666, 0.664944291, 0.723683298), DesiredAngle = nil},
        ["Head"] = {C0 = CFrame.new(3.17892886e-06, 1.00000119, -3.17892886e-06, -0.983286142, -0.182058573, -0.00172840431, 0.104654536, -0.57294935, 0.812881589, -0.148982346, 0.799114347, 0.582426369), DesiredAngle = nil},
        ["Torso"] = {C0 = CFrame.new(0, 0, 3.81469727e-06, -1, 0, 0, 0, 0.0436191261, 0.999048233, 0, 0.999048233, -0.0436191261), DesiredAngle = nil},
        ["Right Leg"] = {C0 = CFrame.new(0.962047577, -1.00000012, -0.234283447, 0.223251939, -1.01436148e-09, 0.974760771, 1.95351912e-09, 1, 5.93206484e-10, -0.974760771, 1.77177917e-09, 0.223251939), DesiredAngle = nil},
        ["Left Arm"] = {C0 = CFrame.new(-0.964756012, 0.097173214, 0.0328063965, -0.33832854, 0.588978052, -0.733920217, -0.912394762, -0.396239281, 0.102617368, -0.230368584, 0.7043432, 0.671439469), DesiredAngle = nil},
    }
},

{
    Time = 0.068,
    Motors = {
        ["Left Leg"] = {C0 = CFrame.new(-1, -1.00000036, 7.62939453e-06, 0.252070665, 0, -0.967708826, 0, 1, 0, 0.967708826, 0, 0.252070665), DesiredAngle = nil},
        ["Right Arm"] = {C0 = CFrame.new(1.03279495, 0.112484097, -0.0647544861, -0.379095256, -0.631155431, 0.676705062, 0.906727791, -0.399364531, 0.135472655, 0.184747666, 0.664944291, 0.723683298), DesiredAngle = nil},
        ["Head"] = {C0 = CFrame.new(6.35800291e-07, 0.999999106, -6.35800291e-07, -0.983842075, 0.17902565, -0.0021295324, -0.110868759, -0.599857807, 0.792387962, 0.140580356, 0.77982074, 0.610013723), DesiredAngle = nil},
        ["Torso"] = {C0 = CFrame.new(0, 0, 3.81469727e-06, -1, 0, 0, 0, 0.0436191261, 0.999048233, 0, 0.999048233, -0.0436191261), DesiredAngle = nil},
        ["Right Leg"] = {C0 = CFrame.new(0.962047577, -1.00000012, -0.234283447, 0.223251939, -1.01436148e-09, 0.974760771, 1.95351912e-09, 1, 5.93206484e-10, -0.974760771, 1.77177917e-09, 0.223251939), DesiredAngle = nil},
        ["Left Arm"] = {C0 = CFrame.new(-0.964756012, 0.097173214, 0.0328063965, -0.33832854, 0.588978052, -0.733920217, -0.912394762, -0.396239281, 0.102617368, -0.230368584, 0.7043432, 0.671439469), DesiredAngle = nil},
    }
},

{
    Time = 0.066,
    Motors = {
        ["Left Leg"] = {C0 = CFrame.new(-1, -1.00000036, 7.62939453e-06, 0.252070665, 0, -0.967708826, 0, 1, 0, 0.967708826, 0, 0.252070665), DesiredAngle = nil},
        ["Right Arm"] = {C0 = CFrame.new(1.03279495, 0.112484097, -0.0647544861, -0.379095256, -0.631155431, 0.676705062, 0.906727791, -0.399364531, 0.135472655, 0.184747666, 0.664944291, 0.723683298), DesiredAngle = nil},
        ["Head"] = {C0 = CFrame.new(1.90732817e-06, 1.00000012, -1.90732817e-06, -0.999993026, -0.00137617649, -0.00348253921, -0.00198070565, -0.594868779, 0.803820372, -0.0031778526, 0.803821623, 0.594861865), DesiredAngle = nil},
        ["Torso"] = {C0 = CFrame.new(0, 0, 3.81469727e-06, -1, 0, 0, 0, 0.0436191224, 0.999048233, 0, 0.999048233, -0.0436191224), DesiredAngle = nil},
        ["Right Leg"] = {C0 = CFrame.new(0.962047577, -1.00000012, -0.234283447, 0.223251939, -1.01436148e-09, 0.974760771, 1.95351912e-09, 1, 5.93206484e-10, -0.974760771, 1.77177917e-09, 0.223251939), DesiredAngle = nil},
        ["Left Arm"] = {C0 = CFrame.new(-0.964756012, 0.097173214, 0.0328063965, -0.33832854, 0.588978052, -0.733920217, -0.912394762, -0.396239281, 0.102617368, -0.230368584, 0.7043432, 0.671439469), DesiredAngle = nil},
    }
},

{
    Time = 0.066,
    Motors = {
        ["Left Leg"] = {C0 = CFrame.new(-1, -1.00000036, 7.62939453e-06, 0.252070665, 0, -0.967708826, 0, 1, 0, 0.967708826, 0, 0.252070665), DesiredAngle = nil},
        ["Right Arm"] = {C0 = CFrame.new(1.03279495, 0.112484097, -0.0647544861, -0.379095495, -0.631155372, 0.676705122, 0.906727612, -0.399364948, 0.135472521, 0.184747994, 0.664944112, 0.723683417), DesiredAngle = nil},
        ["Head"] = {C0 = CFrame.new(3.81469727e-06, 1.00000167, -3.81469727e-06, -0.962691724, -0.270600468, 0, 0.156240106, -0.555841863, 0.816473484, -0.220938116, 0.786012232, 0.577382982), DesiredAngle = nil},
        ["Torso"] = {C0 = CFrame.new(0, 0, 3.81469727e-06, -1, 0, 0, 0, 0.0436191261, 0.999048233, 0, 0.999048233, -0.0436191261), DesiredAngle = nil},
        ["Right Leg"] = {C0 = CFrame.new(0.962047577, -1.00000012, -0.234283447, 0.223251939, -1.01436148e-09, 0.974760771, 1.95351912e-09, 1, 5.93206484e-10, -0.974760771, 1.77177917e-09, 0.223251939), DesiredAngle = nil},
        ["Left Arm"] = {C0 = CFrame.new(-0.964756012, 0.097173214, 0.0328063965, -0.33832854, 0.588978052, -0.733919978, -0.912394702, -0.396239281, 0.102617368, -0.230368584, 0.70434314, 0.671439469), DesiredAngle = nil},
    }
},

{
    Time = 0.067,
    Motors = {
        ["Left Leg"] = {C0 = CFrame.new(-1, -1.00000036, 7.62939453e-06, 0.252070665, 0, -0.967708826, 0, 1, 0, 0.967708826, 0, 0.252070665), DesiredAngle = nil},
        ["Right Arm"] = {C0 = CFrame.new(1.03279495, 0.112484097, -0.0647544861, -0.379095137, -0.631155491, 0.676705122, 0.906727791, -0.399364293, 0.135472715, 0.184747458, 0.664944291, 0.723683298), DesiredAngle = nil},
        ["Head"] = {C0 = CFrame.new(3.81469727e-06, 1.00000167, -3.81469727e-06, -0.962691724, -0.270600468, 7.4505806e-09, 0.156240106, -0.555841863, 0.816473484, -0.220938101, 0.786012232, 0.577382982), DesiredAngle = nil},
        ["Torso"] = {C0 = CFrame.new(0, 0, 3.81469727e-06, -1, 0, 0, 0, 0.0436191261, 0.999048233, 0, 0.999048233, -0.0436191261), DesiredAngle = nil},
        ["Right Leg"] = {C0 = CFrame.new(0.962047577, -1.00000012, -0.234283447, 0.223251939, -1.01436148e-09, 0.974760771, 1.95351912e-09, 1, 5.93206484e-10, -0.974760771, 1.77177917e-09, 0.223251939), DesiredAngle = nil},
        ["Left Arm"] = {C0 = CFrame.new(-0.964756012, 0.097173214, 0.0328063965, -0.33832854, 0.588978052, -0.733920217, -0.912394762, -0.396239281, 0.102617368, -0.230368584, 0.7043432, 0.671439469), DesiredAngle = nil},
    }
},

{
    Time = 0.068,
    Motors = {
        ["Left Leg"] = {C0 = CFrame.new(-1, -1.00000036, 7.62939453e-06, 0.252070665, 0, -0.967708826, 0, 1, 0, 0.967708826, 0, 0.252070665), DesiredAngle = nil},
        ["Right Arm"] = {C0 = CFrame.new(1.03279495, 0.112484097, -0.0647544861, -0.379095256, -0.631155431, 0.676705062, 0.906727791, -0.399364531, 0.135472655, 0.184747666, 0.664944291, 0.723683298), DesiredAngle = nil},
        ["Head"] = {C0 = CFrame.new(1.90737819e-06, 1.00000012, -1.90737819e-06, -0.999992967, -0.0013833238, -0.0034825271, -0.00197644625, -0.594868243, 0.803820789, -0.00318358932, 0.803822041, 0.594861329), DesiredAngle = nil},
        ["Torso"] = {C0 = CFrame.new(0, 0, 3.81469727e-06, -1, 0, 0, 0, 0.0436191261, 0.999048233, 0, 0.999048233, -0.0436191261), DesiredAngle = nil},
        ["Right Leg"] = {C0 = CFrame.new(0.962047577, -1.00000012, -0.234283447, 0.223251939, -1.01436148e-09, 0.974760771, 1.95351912e-09, 1, 5.93206484e-10, -0.974760771, 1.77177917e-09, 0.223251939), DesiredAngle = nil},
        ["Left Arm"] = {C0 = CFrame.new(-0.964756012, 0.097173214, 0.0328063965, -0.33832854, 0.588978052, -0.733920217, -0.912394762, -0.396239281, 0.102617368, -0.230368584, 0.7043432, 0.671439469), DesiredAngle = nil},
    }
},

{
    Time = 0.066,
    Motors = {
        ["Left Leg"] = {C0 = CFrame.new(-1, -1.00000036, 7.62939453e-06, 0.252070665, 0, -0.967708826, 0, 1, 0, 0.967708826, 0, 0.252070665), DesiredAngle = nil},
        ["Right Arm"] = {C0 = CFrame.new(1.03279495, 0.112484097, -0.0647544861, -0.379095256, -0.631155431, 0.676705062, 0.906727791, -0.399364531, 0.135472655, 0.184747666, 0.664944291, 0.723683298), DesiredAngle = nil},
        ["Head"] = {C0 = CFrame.new(6.35751121e-07, 0.999999106, -6.35751121e-07, -0.983840823, 0.179032534, -0.00212941691, -0.110872954, -0.599857628, 0.792387605, 0.14058581, 0.779819369, 0.61001426), DesiredAngle = nil},
        ["Torso"] = {C0 = CFrame.new(0, 0, 3.81469727e-06, -1, 0, 0, 0, 0.0436191261, 0.999048233, 0, 0.999048233, -0.0436191261), DesiredAngle = nil},
        ["Right Leg"] = {C0 = CFrame.new(0.962047577, -1.00000012, -0.234283447, 0.223251939, -1.01436148e-09, 0.974760771, 1.95351912e-09, 1, 5.93206484e-10, -0.974760771, 1.77177917e-09, 0.223251939), DesiredAngle = nil},
        ["Left Arm"] = {C0 = CFrame.new(-0.964756012, 0.097173214, 0.0328063965, -0.33832854, 0.588978052, -0.733920217, -0.912394762, -0.396239281, 0.102617368, -0.230368584, 0.7043432, 0.671439469), DesiredAngle = nil},
    }
},

{
    Time = 0.067,
    Motors = {
        ["Left Leg"] = {C0 = CFrame.new(-1, -1.00000036, 7.62939453e-06, 0.252070665, 0, -0.967708826, 0, 1, 0, 0.967708826, 0, 0.252070665), DesiredAngle = nil},
        ["Right Arm"] = {C0 = CFrame.new(1.03279495, 0.112484097, -0.0647544861, -0.379095137, -0.631155491, 0.676705122, 0.906727791, -0.399364293, 0.135472715, 0.184747458, 0.664944291, 0.723683298), DesiredAngle = nil},
        ["Head"] = {C0 = CFrame.new(3.17888248e-06, 1.00000119, -3.17888248e-06, -0.983287394, -0.182052091, -0.0017285049, 0.104650736, -0.572950482, 0.812881351, -0.148977086, 0.799115062, 0.582426906), DesiredAngle = nil},
        ["Torso"] = {C0 = CFrame.new(0, 0, 3.81469727e-06, -1, 0, 0, 0, 0.0436191224, 0.999048233, 0, 0.999048233, -0.0436191224), DesiredAngle = nil},
        ["Right Leg"] = {C0 = CFrame.new(0.962047577, -1.00000012, -0.234283447, 0.223251939, -1.01436148e-09, 0.974760771, 1.95351912e-09, 1, 5.93206484e-10, -0.974760771, 1.77177917e-09, 0.223251939), DesiredAngle = nil},
        ["Left Arm"] = {C0 = CFrame.new(-0.964756012, 0.097173214, 0.0328063965, -0.33832854, 0.588978052, -0.733919978, -0.912394702, -0.396239281, 0.102617368, -0.230368584, 0.70434314, 0.671439469), DesiredAngle = nil},
    }
},

{
    Time = 0.067,
    Motors = {
        ["Left Leg"] = {C0 = CFrame.new(-1, -1.00000036, 7.62939453e-06, 0.252070665, 0, -0.967708826, 0, 1, 0, 0.967708826, 0, 0.252070665), DesiredAngle = nil},
        ["Right Arm"] = {C0 = CFrame.new(1.03279495, 0.112484097, -0.0647544861, -0.379095137, -0.631155491, 0.676705122, 0.906727791, -0.399364293, 0.135472715, 0.184747458, 0.664944291, 0.723683298), DesiredAngle = nil},
        ["Head"] = {C0 = CFrame.new(3.81469727e-06, 1.00000167, -3.81469727e-06, -0.962691724, -0.270600468, 0, 0.156240106, -0.555841863, 0.816473484, -0.220938116, 0.786012232, 0.577382982), DesiredAngle = nil},
        ["Torso"] = {C0 = CFrame.new(0, 0, 3.81469727e-06, -1, 0, 0, 0, 0.0436191261, 0.999048233, 0, 0.999048233, -0.0436191261), DesiredAngle = nil},
        ["Right Leg"] = {C0 = CFrame.new(0.962047577, -1.00000012, -0.234283447, 0.223251939, -1.01436148e-09, 0.974760771, 1.95351912e-09, 1, 5.93206484e-10, -0.974760771, 1.77177917e-09, 0.223251939), DesiredAngle = nil},
        ["Left Arm"] = {C0 = CFrame.new(-0.964756012, 0.097173214, 0.0328063965, -0.33832854, 0.588978052, -0.733919978, -0.912394702, -0.396239281, 0.102617368, -0.230368584, 0.70434314, 0.671439469), DesiredAngle = nil},
    }
},

{
    Time = 0.067,
    Motors = {
        ["Left Leg"] = {C0 = CFrame.new(-1, -1.00000036, 7.62939453e-06, 0.252070665, 0, -0.967708826, 0, 1, 0, 0.967708826, 0, 0.252070665), DesiredAngle = nil},
        ["Right Arm"] = {C0 = CFrame.new(1.03279495, 0.112484097, -0.0647544861, -0.379095197, -0.631155491, 0.676705122, 0.906727791, -0.399364293, 0.135472745, 0.184747398, 0.664944291, 0.723683357), DesiredAngle = nil},
        ["Head"] = {C0 = CFrame.new(3.1789516e-06, 1.00000119, -3.1789516e-06, -0.983285546, -0.182061791, -0.00172834843, 0.104656406, -0.572948813, 0.812881768, -0.148984969, 0.799114048, 0.58242619), DesiredAngle = nil},
        ["Torso"] = {C0 = CFrame.new(0, 0, 3.81469727e-06, -1, 0, 0, 0, 0.0436191224, 0.999048233, 0, 0.999048233, -0.0436191224), DesiredAngle = nil},
        ["Right Leg"] = {C0 = CFrame.new(0.962047577, -1.00000012, -0.234283447, 0.223251939, -1.01436148e-09, 0.974760771, 1.95351912e-09, 1, 5.93206484e-10, -0.974760771, 1.77177917e-09, 0.223251939), DesiredAngle = nil},
        ["Left Arm"] = {C0 = CFrame.new(-0.964756012, 0.097173214, 0.0328063965, -0.33832854, 0.588978052, -0.733919978, -0.912394702, -0.396239281, 0.102617368, -0.230368584, 0.70434314, 0.671439469), DesiredAngle = nil},
    }
},

{
    Time = 0.067,
    Motors = {
        ["Left Leg"] = {C0 = CFrame.new(-1, -1.00000036, 7.62939453e-06, 0.252070665, 0, -0.967708826, 0, 1, 0, 0.967708826, 0, 0.252070665), DesiredAngle = nil},
        ["Right Arm"] = {C0 = CFrame.new(1.03279495, 0.112484097, -0.0647544861, -0.379095256, -0.631155431, 0.676705062, 0.906727791, -0.399364531, 0.135472655, 0.184747666, 0.664944291, 0.723683298), DesiredAngle = nil},
        ["Head"] = {C0 = CFrame.new(6.35823028e-07, 0.999999106, -6.35823028e-07, -0.983842671, 0.179022431, -0.00212959573, -0.1108668, -0.599857748, 0.79238826, 0.140577823, 0.779821515, 0.610013306), DesiredAngle = nil},
        ["Torso"] = {C0 = CFrame.new(0, 0, 3.81469727e-06, -1, 0, 0, 0, 0.0436191261, 0.999048233, 0, 0.999048233, -0.0436191261), DesiredAngle = nil},
        ["Right Leg"] = {C0 = CFrame.new(0.962047577, -1.00000012, -0.234283432, 0.223251939, -1.01436148e-09, 0.974760771, 1.95351912e-09, 1, 5.93206484e-10, -0.974760771, 1.77177917e-09, 0.223251939), DesiredAngle = nil},
        ["Left Arm"] = {C0 = CFrame.new(-0.964756012, 0.097173214, 0.0328063965, -0.33832854, 0.588978052, -0.733919978, -0.912394702, -0.396239281, 0.102617368, -0.230368584, 0.70434314, 0.671439469), DesiredAngle = nil},
    }
},

{
    Time = 0.067,
    Motors = {
        ["Left Leg"] = {C0 = CFrame.new(-1, -1.00000036, 7.62939453e-06, 0.252070665, 0, -0.967708826, 0, 1, 0, 0.967708826, 0, 0.252070665), DesiredAngle = nil},
        ["Right Arm"] = {C0 = CFrame.new(1.03279495, 0.112484097, -0.0647544861, -0.379095256, -0.631155431, 0.676705062, 0.906727791, -0.399364531, 0.135472655, 0.184747666, 0.664944291, 0.723683298), DesiredAngle = nil},
        ["Head"] = {C0 = CFrame.new(1.90730543e-06, 1.00000012, -1.90730543e-06, -0.999992967, -0.00137293385, -0.00348254619, -0.00198263861, -0.594869137, 0.803820133, -0.00317525119, 0.803821385, 0.594862223), DesiredAngle = nil},
        ["Torso"] = {C0 = CFrame.new(0, 0, 3.81469727e-06, -1, 0, 0, 0, 0.0436191224, 0.999048233, 0, 0.999048233, -0.0436191224), DesiredAngle = nil},
        ["Right Leg"] = {C0 = CFrame.new(0.962047577, -1.00000012, -0.234283447, 0.223251939, -1.01436148e-09, 0.974760771, 1.95351912e-09, 1, 5.93206484e-10, -0.974760771, 1.77177917e-09, 0.223251939), DesiredAngle = nil},
        ["Left Arm"] = {C0 = CFrame.new(-0.964756012, 0.097173214, 0.0328063965, -0.33832854, 0.588978052, -0.733920217, -0.912394762, -0.396239281, 0.102617368, -0.230368584, 0.7043432, 0.671439469), DesiredAngle = nil},
    }
},

{
    Time = 0.066,
    Motors = {
        ["Left Leg"] = {C0 = CFrame.new(-1, -1.00000036, 7.62939453e-06, 0.252070665, 0, -0.967708826, 0, 1, 0, 0.967708826, 0, 0.252070665), DesiredAngle = nil},
        ["Right Arm"] = {C0 = CFrame.new(1.03279495, 0.112484097, -0.0647544861, -0.379095256, -0.631155431, 0.676705062, 0.906727791, -0.399364531, 0.135472655, 0.184747666, 0.664944291, 0.723683298), DesiredAngle = nil},
        ["Head"] = {C0 = CFrame.new(3.81469727e-06, 1.00000167, -3.81469727e-06, -0.962691724, -0.270600468, 0, 0.156240106, -0.555841863, 0.816473484, -0.220938116, 0.786012232, 0.577382982), DesiredAngle = nil},
        ["Torso"] = {C0 = CFrame.new(0, 0, 3.81469727e-06, -1, 0, 0, 0, 0.0436191261, 0.999048233, 0, 0.999048233, -0.0436191261), DesiredAngle = nil},
        ["Right Leg"] = {C0 = CFrame.new(0.962047577, -1.00000012, -0.234283447, 0.223251939, -1.01436148e-09, 0.974760771, 1.95351912e-09, 1, 5.93206484e-10, -0.974760771, 1.77177917e-09, 0.223251939), DesiredAngle = nil},
        ["Left Arm"] = {C0 = CFrame.new(-0.964756012, 0.097173214, 0.0328063965, -0.33832854, 0.588978052, -0.733920217, -0.912394762, -0.396239281, 0.102617368, -0.230368584, 0.7043432, 0.671439469), DesiredAngle = nil},
    }
},

{
    Time = 0.067,
    Motors = {
        ["Left Leg"] = {C0 = CFrame.new(-1, -1.00000036, 7.62939453e-06, 0.252070665, 0, -0.967708826, 0, 1, 0, 0.967708826, 0, 0.252070665), DesiredAngle = nil},
        ["Right Arm"] = {C0 = CFrame.new(1.03279495, 0.112484097, -0.0647544861, -0.379095256, -0.631155431, 0.676705062, 0.906727791, -0.399364531, 0.135472655, 0.184747666, 0.664944291, 0.723683298), DesiredAngle = nil},
        ["Head"] = {C0 = CFrame.new(3.81469727e-06, 1.00000167, -3.81469727e-06, -0.962691724, -0.270600498, -7.4505806e-09, 0.156240106, -0.555841804, 0.816473484, -0.220938116, 0.786012232, 0.577382922), DesiredAngle = nil},
        ["Torso"] = {C0 = CFrame.new(0, 0, 3.81469727e-06, -1, 0, 0, 0, 0.0436191261, 0.999048233, 0, 0.999048233, -0.0436191261), DesiredAngle = nil},
        ["Right Leg"] = {C0 = CFrame.new(0.962047577, -1.00000012, -0.234283447, 0.223251939, -1.01436148e-09, 0.974760771, 1.95351912e-09, 1, 5.93206484e-10, -0.974760771, 1.77177917e-09, 0.223251939), DesiredAngle = nil},
        ["Left Arm"] = {C0 = CFrame.new(-0.964756012, 0.097173214, 0.0328063965, -0.33832854, 0.588978052, -0.733920217, -0.912394762, -0.396239281, 0.102617368, -0.230368584, 0.7043432, 0.671439469), DesiredAngle = nil},
    }
},

{
    Time = 0.067,
    Motors = {
        ["Left Leg"] = {C0 = CFrame.new(-1, -1.00000036, 7.62939453e-06, 0.252070665, 0, -0.967708826, 0, 1, 0, 0.967708826, 0, 0.252070665), DesiredAngle = nil},
        ["Right Arm"] = {C0 = CFrame.new(1.03279495, 0.112484097, -0.0647544861, -0.379095197, -0.631155431, 0.676705062, 0.906727791, -0.399364531, 0.135472655, 0.184747666, 0.664944291, 0.723683238), DesiredAngle = nil},
        ["Head"] = {C0 = CFrame.new(1.90739866e-06, 1.00000012, -1.90739866e-06, -0.999992967, -0.00138624175, -0.00348252105, -0.00197470654, -0.594868004, 0.803821027, -0.00318593043, 0.803822219, 0.59486109), DesiredAngle = nil},
        ["Torso"] = {C0 = CFrame.new(0, 0, 3.81469727e-06, -1, 0, 0, 0, 0.0436191261, 0.999048233, 0, 0.999048233, -0.0436191261), DesiredAngle = nil},
        ["Right Leg"] = {C0 = CFrame.new(0.962047577, -1.00000012, -0.234283447, 0.223251939, -1.01436148e-09, 0.974760771, 1.95351912e-09, 1, 5.93206484e-10, -0.974760771, 1.77177917e-09, 0.223251939), DesiredAngle = nil},
        ["Left Arm"] = {C0 = CFrame.new(-0.964756012, 0.097173214, 0.0328063965, -0.33832854, 0.588978052, -0.733919978, -0.912394702, -0.396239281, 0.102617368, -0.230368584, 0.70434314, 0.671439469), DesiredAngle = nil},
    }
},

{
    Time = 0.067,
    Motors = {
        ["Left Leg"] = {C0 = CFrame.new(-1, -1.00000036, 7.62939453e-06, 0.252070665, 0, -0.967708826, 0, 1, 0, 0.967708826, 0, 0.252070665), DesiredAngle = nil},
        ["Right Arm"] = {C0 = CFrame.new(1.03279495, 0.112484097, -0.0647544861, -0.379095197, -0.631155491, 0.676705122, 0.906727791, -0.399364293, 0.135472745, 0.184747398, 0.664944291, 0.723683357), DesiredAngle = nil},
