print("DONEDONE")
local keyFrames = {
 {
    Time = 0.067,
    Motors = {
        ["Left Leg"] = {C0 = CFrame.new(-0.986515164, -0.991898954, 0.0465052873, 0.258444339, -0.00017143623, -0.966026127, 0.0243405849, 0.999683678, 0.00633451063, 0.965719461, -0.025150761, 0.258366734), DesiredAngle = nil},
        ["Right Arm"] = {C0 = CFrame.new(1.03491688, 0.139612824, -0.0665751472, -0.372225076, -0.635183811, 0.676749945, 0.91100347, -0.389508486, 0.13548407, 0.177542448, 0.666951895, 0.723639488), DesiredAngle = nil},
        ["Head"] = {C0 = CFrame.new(0, 1, -4.85515329e-06, -1, 0, 0, 0, 0.00239390437, 0.999997139, 0, 0.999997139, -0.00239390437), DesiredAngle = nil},
        ["Torso"] = {C0 = CFrame.new(0, 0, 4.85498413e-06, -1, 0, 0, 0, 0.027442351, 0.999623358, 0, 0.999623358, -0.027442351), DesiredAngle = nil},
        ["Right Leg"] = {C0 = CFrame.new(0.955350339, -1.00449991, -0.221748874, 0.23985967, -0.000544567825, 0.970807433, -0.0229624826, 0.999716878, 0.00623417553, -0.970535994, -0.0237874743, 0.239779264), DesiredAngle = nil},
        ["Left Arm"] = {C0 = CFrame.new(-0.962631702, 0.124300897, 0.0309722312, -0.34280014, 0.58633852, -0.73395884, -0.909335732, -0.403215975, 0.102593452, -0.235789374, 0.702583909, 0.671401024), DesiredAngle = nil},
    }
},

{
    Time = 0.067,
    Motors = {
        ["Left Leg"] = {C0 = CFrame.new(-0.977525294, -0.986494839, 0.0775053501, 0.262740254, -0.000379076693, -0.964866519, 0.0405406244, 0.999121189, 0.0106469709, 0.96401453, -0.041913677, 0.262524724), DesiredAngle = nil},
        ["Right Arm"] = {C0 = CFrame.new(1.03633177, 0.157698631, -0.0677921921, -0.367574155, -0.637892008, 0.676744282, 0.91382724, -0.382833958, 0.135490745, 0.172652304, 0.668230355, 0.723643005), DesiredAngle = nil},
        ["Head"] = {C0 = CFrame.new(0, 1, -5.54871394e-06, -1, 0, 0, 0, 0.0179190766, 0.999839425, 0, 0.999839425, -0.0179190766), DesiredAngle = nil},
        ["Torso"] = {C0 = CFrame.new(0, 0, 5.54858707e-06, -1, 0, 0, 0, 0.016677076, 0.999860942, 0, 0.999860942, -0.016677076), DesiredAngle = nil},
        ["Right Leg"] = {C0 = CFrame.new(0.950890005, -1.00749516, -0.213392496, 0.250943393, -0.000681058504, 0.968001544, -0.0382087491, 0.999213457, 0.0106081963, -0.967247427, -0.0396481864, 0.250719994), DesiredAngle = nil},
        ["Left Arm"] = {C0 = CFrame.new(-0.961216807, 0.142386019, 0.0297540408, -0.345783204, 0.584589303, -0.733954787, -0.907273054, -0.407834291, 0.102600515, -0.239352688, 0.701374769, 0.671404362), DesiredAngle = nil},
    }
},

{
    Time = 0.066,
    Motors = {
        ["Left Leg"] = {C0 = CFrame.new(-0.968535423, -0.981090665, 0.108505405, 0.26702705, -0.000661332626, -0.963688791, 0.0567104556, 0.998277545, 0.015028758, 0.962018907, -0.0586643182, 0.266604632), DesiredAngle = nil},
        ["Right Arm"] = {C0 = CFrame.new(1.03774667, 0.175784409, -0.0690092444, -0.362903565, -0.64056623, 0.676739216, 0.916602492, -0.376138806, 0.135497481, 0.167752743, 0.66947329, 0.723646641), DesiredAngle = nil},
        ["Head"] = {C0 = CFrame.new(0, 1, -6.24227414e-06, -1, 0, 0, 0, 0.033440385, 0.99944073, 0, 0.99944073, -0.033440385), DesiredAngle = nil},
        ["Torso"] = {C0 = CFrame.new(0, 0, 6.24218956e-06, -1, 0, 0, 0, 0.00590970833, 0.999982536, 0, 0.999982536, -0.00590970833), DesiredAngle = nil},
        ["Right Leg"] = {C0 = CFrame.new(0.946429729, -1.0104903, -0.205036134, 0.261995494, -0.000636087731, 0.965068877, -0.0533951297, 0.998458505, 0.0151537359, -0.96359086, -0.055500187, 0.261557639), DesiredAngle = nil},
        ["Left Arm"] = {C0 = CFrame.new(-0.959801912, 0.160471112, 0.0285358503, -0.348757327, 0.582824886, -0.733950734, -0.905186713, -0.412442505, 0.102607369, -0.242910311, 0.70014745, 0.67140764), DesiredAngle = nil},
    }
},

{
    Time = 0.067,
    Motors = {
        ["Left Leg"] = {C0 = CFrame.new(-0.959545493, -0.97568655, 0.139505476, 0.271302998, -0.0010180464, -0.962493479, 0.0728428513, 0.997153223, 0.019477874, 0.959733605, -0.0753951669, 0.270604789), DesiredAngle = nil},
        ["Right Arm"] = {C0 = CFrame.new(1.03916156, 0.193870246, -0.0702262893, -0.358213514, -0.643206239, 0.676733851, 0.919328392, -0.369423568, 0.135504395, 0.162844181, 0.670680225, 0.723650217), DesiredAngle = nil},
        ["Head"] = {C0 = CFrame.new(0, 1, -6.93583479e-06, -1, 0, 0, 0, 0.0489522405, 0.998801112, 0, 0.998801112, -0.0489522405), DesiredAngle = nil},
        ["Torso"] = {C0 = CFrame.new(0, 0, 6.9357925e-06, -1, 0, 0, 0, -0.00485788472, 0.999988198, 0, 0.999988198, 0.00485788472), DesiredAngle = nil},
        ["Right Leg"] = {C0 = CFrame.new(0.941969454, -1.01348555, -0.196679741, 0.273009717, -0.000409727916, 0.962011218, -0.0685129389, 0.997452378, 0.0198681355, -0.959568501, -0.0713344142, 0.272286117), DesiredAngle = nil},
        ["Left Arm"] = {C0 = CFrame.new(-0.958387017, 0.178556204, 0.0273176599, -0.351722181, 0.581045389, -0.733946681, -0.903077185, -0.417039424, 0.102614373, -0.246461108, 0.698902309, 0.671410859), DesiredAngle = nil},
    }
},

{
    Time = 0.067,
    Motors = {
        ["Left Leg"] = {C0 = CFrame.new(-0.950555623, -0.970282376, 0.170505479, 0.275565982, -0.00144903362, -0.961281121, 0.0889304429, 0.995748818, 0.023992274, 0.957159758, -0.0920986086, 0.274523377), DesiredAngle = nil},
        ["Right Arm"] = {C0 = CFrame.new(1.04057646, 0.211955994, -0.0714433342, -0.353504598, -0.645811677, 0.676728666, 0.922005117, -0.36268881, 0.135511309, 0.157927155, 0.671851218, 0.723653853), DesiredAngle = nil},
        ["Head"] = {C0 = CFrame.new(0, 1, -7.62939362e-06, -1, 0, 0, 0, 0.0644489974, 0.99792099, 0, 0.99792099, -0.0644489974), DesiredAngle = nil},
        ["Torso"] = {C0 = CFrame.new(0, 0, 7.62939362e-06, -1, 0, 0, 0, -0.0156237949, 0.99987793, 0, 0.99987793, 0.0156237949), DesiredAngle = nil},
        ["Right Leg"] = {C0 = CFrame.new(0.937509179, -1.01648068, -0.188323379, 0.283979744, -2.21095979e-06, 0.958830297, -0.0835535079, 0.996195912, 0.024748601, -0.95518285, -0.0871417373, 0.28289929), DesiredAngle = nil},
        ["Left Arm"] = {C0 = CFrame.new(-0.956972122, 0.196641296, 0.0260994714, -0.354678154, 0.579250753, -0.733942628, -0.900944173, -0.421625972, 0.102621242, -0.250005871, 0.697638929, 0.671414137), DesiredAngle = nil},
    }
},

{
    Time = 0.066,
    Motors = {
        ["Left Leg"] = {C0 = CFrame.new(-0.959545553, -0.97568655, 0.139505401, 0.271302998, -0.00101804547, -0.962493479, 0.0728428066, 0.997153223, 0.0194778647, 0.959733605, -0.0753951222, 0.270604789), DesiredAngle = nil},
        ["Right Arm"] = {C0 = CFrame.new(1.03916156, 0.193870187, -0.0702262893, -0.358213514, -0.643206179, 0.676733851, 0.919328392, -0.369423568, 0.135504365, 0.162844241, 0.670680225, 0.723650217), DesiredAngle = nil},
        ["Head"] = {C0 = CFrame.new(0, 1, -6.93583297e-06, -1, 0, 0, 0, 0.048952207, 0.998801112, 0, 0.998801112, -0.048952207), DesiredAngle = nil},
        ["Torso"] = {C0 = CFrame.new(0, 0, 6.93579113e-06, -1, 0, 0, 0, -0.00485786051, 0.999988198, 0, 0.999988198, 0.00485786051), DesiredAngle = nil},
        ["Right Leg"] = {C0 = CFrame.new(0.941969454, -1.01348555, -0.196679771, 0.273009688, -0.000409726053, 0.962011218, -0.0685129017, 0.997452378, 0.0198681299, -0.959568501, -0.0713343769, 0.272286087), DesiredAngle = nil},
        ["Left Arm"] = {C0 = CFrame.new(-0.958387017, 0.178556204, 0.0273176618, -0.351722181, 0.581045389, -0.733946681, -0.903077185, -0.417039424, 0.102614373, -0.246461108, 0.698902309, 0.671410859), DesiredAngle = nil},
    }
},

{
    Time = 0.067,
    Motors = {
        ["Left Leg"] = {C0 = CFrame.new(-0.968535423, -0.981090724, 0.108505324, 0.26702705, -0.000661320519, -0.96368885, 0.056710422, 0.998277545, 0.0150287356, 0.962018967, -0.0586642772, 0.266604632), DesiredAngle = nil},
        ["Right Arm"] = {C0 = CFrame.new(1.03774667, 0.175784379, -0.069009237, -0.362903625, -0.64056623, 0.676738977, 0.916602433, -0.376138836, 0.13549757, 0.167752683, 0.669473231, 0.72364676), DesiredAngle = nil},
        ["Head"] = {C0 = CFrame.new(0, 1, -6.24227232e-06, -1, 0, 0, 0, 0.033440344, 0.99944073, 0, 0.99944073, -0.033440344), DesiredAngle = nil},
        ["Torso"] = {C0 = CFrame.new(0, 0, 6.24218774e-06, -1, 0, 0, 0, 0.00590973673, 0.999982536, 0, 0.999982536, -0.00590973673), DesiredAngle = nil},
        ["Right Leg"] = {C0 = CFrame.new(0.946429729, -1.0104903, -0.205036134, 0.261995435, -0.000636098441, 0.965068936, -0.0533950888, 0.998458505, 0.0151537117, -0.96359092, -0.055500146, 0.261557579), DesiredAngle = nil},
        ["Left Arm"] = {C0 = CFrame.new(-0.959801912, 0.160471082, 0.0285358541, -0.348757327, 0.582824826, -0.733950615, -0.905186653, -0.412442535, 0.102607414, -0.242910311, 0.70014739, 0.67140764), DesiredAngle = nil},
    }
},

{
    Time = 0.066,
    Motors = {
        ["Left Leg"] = {C0 = CFrame.new(-0.977525294, -0.986494839, 0.0775053054, 0.262740195, -0.000379079022, -0.964866519, 0.0405405909, 0.999121189, 0.0106469654, 0.96401453, -0.0419136435, 0.262524664), DesiredAngle = nil},
        ["Right Arm"] = {C0 = CFrame.new(1.03633177, 0.157698572, -0.0677921921, -0.367574096, -0.637892008, 0.676744282, 0.9138273, -0.382833958, 0.135490716, 0.172652304, 0.668230295, 0.723643064), DesiredAngle = nil},
        ["Head"] = {C0 = CFrame.new(0, 1, -5.54871303e-06, -1, 0, 0, 0, 0.0179190524, 0.999839425, 0, 0.999839425, -0.0179190524), DesiredAngle = nil},
        ["Torso"] = {C0 = CFrame.new(0, 0, 5.54858616e-06, -1, 0, 0, 0, 0.0166770909, 0.999860942, 0, 0.999860942, -0.0166770909), DesiredAngle = nil},
        ["Right Leg"] = {C0 = CFrame.new(0.950890064, -1.00749516, -0.213392511, 0.250943363, -0.000681058504, 0.968001544, -0.0382087231, 0.999213457, 0.0106081907, -0.967247427, -0.0396481603, 0.250719965), DesiredAngle = nil},
        ["Left Arm"] = {C0 = CFrame.new(-0.961216807, 0.14238596, 0.0297540426, -0.345783204, 0.584589303, -0.733954787, -0.907273054, -0.407834291, 0.102600515, -0.239352688, 0.701374769, 0.671404362), DesiredAngle = nil},
    }
},

{
    Time = 0.067,
    Motors = {
        ["Left Leg"] = {C0 = CFrame.new(-0.986515164, -0.991898954, 0.0465052761, 0.258444369, -0.00017143623, -0.966026127, 0.0243405811, 0.999683678, 0.00633450877, 0.965719461, -0.0251507573, 0.258366764), DesiredAngle = nil},
        ["Right Arm"] = {C0 = CFrame.new(1.03491688, 0.139612794, -0.0665751547, -0.372225106, -0.635183752, 0.676749706, 0.911003351, -0.389508724, 0.135483965, 0.177542686, 0.666951776, 0.723639429), DesiredAngle = nil},
        ["Head"] = {C0 = CFrame.new(0, 1, -4.85515375e-06, -1, 0, 0, 0, 0.00239389739, 0.999997139, 0, 0.999997139, -0.00239389739), DesiredAngle = nil},
        ["Torso"] = {C0 = CFrame.new(0, 0, 4.85498458e-06, -1, 0, 0, 0, 0.0274423603, 0.999623358, 0, 0.999623358, -0.0274423603), DesiredAngle = nil},
        ["Right Leg"] = {C0 = CFrame.new(0.955350339, -1.00449991, -0.221748888, 0.23985967, -0.000544567592, 0.970807433, -0.0229624771, 0.999716878, 0.00623417413, -0.970535994, -0.0237874687, 0.239779264), DesiredAngle = nil},
        ["Left Arm"] = {C0 = CFrame.new(-0.962631702, 0.124300867, 0.030972233, -0.34280026, 0.58633852, -0.733958483, -0.909335613, -0.403216183, 0.102593407, -0.235789448, 0.702583671, 0.671401143), DesiredAngle = nil},
    }
},

{
    Time = 0.066,
    Motors = {
        ["Left Leg"] = {C0 = CFrame.new(-0.995505035, -0.997303128, 0.0155052477, 0.25414145, -3.84752639e-05, -0.967167079, 0.00811772048, 0.999964833, 0.00209330558, 0.967132986, -0.0083831884, 0.254132807), DesiredAngle = nil},
        ["Right Arm"] = {C0 = CFrame.new(1.0335021, 0.121527016, -0.0653581098, -0.376855969, -0.632441521, 0.676754951, 0.908130646, -0.39616245, 0.13547723, 0.182423472, 0.665637255, 0.723635674), DesiredAngle = nil},
        ["Head"] = {C0 = CFrame.new(0, 1, -4.16159401e-06, -1, 0, 0, 0, -0.0131294932, 0.999913812, 0, 0.999913812, 0.0131294932), DesiredAngle = nil},
        ["Torso"] = {C0 = CFrame.new(0, 0, 4.16138255e-06, -1, 0, 0, 0, 0.0382036753, 0.999269962, 0, 0.999269962, -0.0382036753), DesiredAngle = nil},
        ["Right Leg"] = {C0 = CFrame.new(0.959810615, -1.00150478, -0.230105251, 0.228750825, -0.000226776698, 0.973484993, -0.00766510936, 0.999968529, 0.00203410396, -0.973454833, -0.00792717189, 0.228741884), DesiredAngle = nil},
        ["Left Arm"] = {C0 = CFrame.new(-0.964046597, 0.106215775, 0.0321904235, -0.339808404, 0.588072598, -0.733962774, -0.911375046, -0.398587167, 0.102586433, -0.232219726, 0.70377481, 0.671397984), DesiredAngle = nil},
    }
},



}
return keyFrames 
