local keyFrames = {
 {
    Time = 0.066,
    Motors = {
        ["Left Leg"] = {C0 = CFrame.new(-0.994006753, -0.996400714, 0.0206701737, 0.171932578, 0.000419706921, -0.985108614, 0.0109493071, 0.999937296, 0.00233702268, 0.985047877, -0.0111880666, 0.1719172), DesiredAngle = nil},
        ["Right Arm"] = {C0 = CFrame.new(1.02280629, 0.253711998, -0.0439777188, 0.078395173, -0.544002473, 0.835413337, 0.837166071, 0.490930319, 0.241123185, -0.54130137, 0.680476785, 0.493906975), DesiredAngle = nil},
        ["Head"] = {C0 = CFrame.new(0, 1, -3.00558236e-06, -1, 0, 0, 0, -0.00357892248, 0.999993622, 0, 0.999993622, 0.00357892248), DesiredAngle = nil},
        ["Torso"] = {C0 = CFrame.new(0, 0, 3.00545548e-06, -1, 0, 0, 0, 0.0218845997, 0.999760509, 0, 0.999760509, -0.0218845997), DesiredAngle = nil},
        ["Right Leg"] = {C0 = CFrame.new(0.971720517, -1.00200176, -0.1506145, 0.157018259, -0.000689494365, 0.987595439, -0.0103268018, 0.999943912, 0.00233997963, -0.987541676, -0.0105661219, 0.157002345), DesiredAngle = nil},
        ["Left Arm"] = {C0 = CFrame.new(-0.975561023, 0.24350664, 0.0210541319, 0.0754481256, 0.496595085, -0.86469692, -0.848588884, 0.487362981, 0.205849722, 0.523645282, 0.718241274, 0.458175689), DesiredAngle = nil},
    }
},

{
    Time = 0.066,
    Motors = {
        ["Left Leg"] = {C0 = CFrame.new(-0.982020259, -0.989196897, 0.0620053224, 0.260593295, -0.000265927054, -0.965448618, 0.0324439183, 0.999437571, 0.00848195516, 0.964903355, -0.0335332751, 0.26045537), DesiredAngle = nil},
        ["Right Arm"] = {C0 = CFrame.new(1.03562438, 0.14865163, -0.0671836287, -0.0864463747, -0.731134713, 0.676734328, 0.990741134, 0.0082880035, 0.135511875, -0.10468623, 0.682182908, 0.723648787), DesiredAngle = nil},
        ["Head"] = {C0 = CFrame.new(0, 1, -5.20193407e-06, -1, 0, 0, 0, 0.0101566194, 0.999948442, 0, 0.999948442, -0.0101566194), DesiredAngle = nil},
        ["Torso"] = {C0 = CFrame.new(0, 0, 5.20178583e-06, -1, 0, 0, 0, 0.0220600944, 0.999756634, 0, 0.999756634, -0.0220600944), DesiredAngle = nil},
        ["Right Leg"] = {C0 = CFrame.new(0.95312053, -1.00599778, -0.217565864, 0.245405063, -0.000635490986, 0.969420433, -0.0305925515, 0.999496639, 0.00839958992, -0.968937814, -0.0317183472, 0.245262101), DesiredAngle = nil},
        ["Left Arm"] = {C0 = CFrame.new(-0.961928904, 0.133344948, 0.0303630121, -0.0845992863, 0.673915267, -0.733949065, -0.994632542, -0.013075389, 0.102641255, 0.0595748574, 0.738692939, 0.671404243), DesiredAngle = nil},
    }
},

{
    Time = 0.067,
    Motors = {
        ["Left Leg"] = {C0 = CFrame.new(-0.973030329, -0.983792782, 0.0930053741, 0.264884919, -0.000510887709, -0.96427989, 0.0486297756, 0.998734474, 0.0128293261, 0.963052988, -0.0502910092, 0.264574558), DesiredAngle = nil},
        ["Right Arm"] = {C0 = CFrame.new(1.03703916, 0.166735262, -0.068400681, -0.0804125369, -0.731814086, 0.676743686, 0.990637302, 0.0164721832, 0.135522842, -0.110324971, 0.681305289, 0.7236377), DesiredAngle = nil},
        ["Head"] = {C0 = CFrame.new(0, 1, -5.89549427e-06, -1, 0, 0, 0, 0.0256805606, 0.999670208, 0, 0.999670208, -0.0256805606), DesiredAngle = nil},
        ["Torso"] = {C0 = CFrame.new(0, 0, 5.89538831e-06, -1, 0, 0, 0, 0.0112935351, 0.999936223, 0, 0.999936223, -0.0112935351), DesiredAngle = nil},
        ["Right Leg"] = {C0 = CFrame.new(0.948660254, -1.00899303, -0.209209979, 0.25647375, -0.000681261532, 0.966551006, -0.0458099768, 0.998867393, 0.0128596816, -0.965465009, -0.0475758463, 0.256152064), DesiredAngle = nil},
        ["Left Arm"] = {C0 = CFrame.new(-0.960516214, 0.151429981, 0.0291448273, -0.0880238116, 0.67347151, -0.733953595, -0.994552135, -0.0181169659, 0.102653623, 0.0558372959, 0.738991141, 0.671397209), DesiredAngle = nil},
    }
},

{
    Time = 0.066,
    Motors = {
        ["Left Leg"] = {C0 = CFrame.new(-0.964040458, -0.978388608, 0.124005437, 0.269166559, -0.000830390491, -0.963093281, 0.0647817999, 0.997750461, 0.0172450282, 0.960912406, -0.0670326948, 0.268614858), DesiredAngle = nil},
        ["Right Arm"] = {C0 = CFrame.new(1.03845406, 0.184818923, -0.0696177185, -0.0743736327, -0.732443511, 0.676753283, 0.990465879, 0.0246549323, 0.13553369, -0.11595609, 0.680381179, 0.723626733), DesiredAngle = nil},
        ["Head"] = {C0 = CFrame.new(0, 1, -6.58905446e-06, -1, 0, 0, 0, 0.0411978438, 0.999150991, 0, 0.999150991, -0.0411978438), DesiredAngle = nil},
        ["Torso"] = {C0 = CFrame.new(0, 0, 6.5889908e-06, -1, 0, 0, 0, 0.000525823911, 0.999999881, 0, 0.999999881, -0.000525823911), DesiredAngle = nil},
        ["Right Leg"] = {C0 = CFrame.new(0.944199979, -1.01198816, -0.200854093, 0.267507702, -0.00054557249, 0.963555574, -0.0609631464, 0.997986794, 0.0174899958, -0.961625278, -0.0634200871, 0.266935915), DesiredAngle = nil},
        ["Left Arm"] = {C0 = CFrame.new(-0.959103584, 0.169515014, 0.0279266406, -0.0914459825, 0.673010349, -0.733958244, -0.994446278, -0.0231580362, 0.102665991, 0.052098237, 0.739270449, 0.671390355), DesiredAngle = nil},
    }
},

{
    Time = 0.067,
    Motors = {
        ["Left Leg"] = {C0 = CFrame.new(-0.955050588, -0.972984433, 0.15500553, 0.273436219, -0.0012242822, -0.961889327, 0.080892697, 0.996486008, 0.0217270553, 0.958482623, -0.0837507844, 0.272574395), DesiredAngle = nil},
        ["Right Arm"] = {C0 = CFrame.new(1.03986895, 0.202902555, -0.0708347633, -0.0683299601, -0.733023286, 0.676763058, 0.990227103, 0.0328356028, 0.13554433, -0.121579066, 0.679410696, 0.723615766), DesiredAngle = nil},
        ["Head"] = {C0 = CFrame.new(0, 1, -7.28261512e-06, -1, 0, 0, 0, 0.0567028746, 0.998391092, 0, 0.998391092, -0.0567028746), DesiredAngle = nil},
        ["Torso"] = {C0 = CFrame.new(0, 0, 7.28259374e-06, -1, 0, 0, 0, -0.010241176, 0.999947548, 0, 0.999947548, 0.010241176), DesiredAngle = nil},
        ["Right Leg"] = {C0 = CFrame.new(0.939739704, -1.0149833, -0.192498192, 0.278500676, -0.000228585675, 0.960436046, -0.0760434344, 0.996855378, 0.0222878028, -0.957420886, -0.0792420134, 0.277607501), DesiredAngle = nil},
        ["Left Arm"] = {C0 = CFrame.new(-0.957690954, 0.187600076, 0.0267084539, -0.0948660076, 0.672531962, -0.733962655, -0.99431479, -0.0281987339, 0.102678418, 0.0483577028, 0.739530563, 0.671383619), DesiredAngle = nil},
    }
},

{
    Time = 0.066,
    Motors = {
        ["Left Leg"] = {C0 = CFrame.new(-0.955050588, -0.972984493, 0.15500544, 0.273436189, -0.0012242822, -0.961889327, 0.0808926523, 0.996485949, 0.0217270479, 0.958482623, -0.0837507397, 0.272574365), DesiredAngle = nil},
        ["Right Arm"] = {C0 = CFrame.new(1.03986895, 0.202902526, -0.0708347708, -0.0683299601, -0.733023286, 0.676763058, 0.990227103, 0.0328356028, 0.13554433, -0.121579066, 0.679410696, 0.723615766), DesiredAngle = nil},
        ["Head"] = {C0 = CFrame.new(0, 1, -7.2826133e-06, -1, 0, 0, 0, 0.0562252216, 0.998418093, 0, 0.998418093, -0.0562252216), DesiredAngle = nil},
        ["Torso"] = {C0 = CFrame.new(0, 0, 7.28259192e-06, -1, 0, 0, 0, -0.0102411481, 0.999947548, 0, 0.999947548, 0.0102411481), DesiredAngle = nil},
        ["Right Leg"] = {C0 = CFrame.new(0.939942837, -1.0149833, -0.193384439, 0.278500646, -0.000228585675, 0.960436046, -0.0760434046, 0.996855378, 0.0222877953, -0.957420886, -0.0792419836, 0.277607471), DesiredAngle = nil},
        ["Left Arm"] = {C0 = CFrame.new(-0.957690954, 0.187600046, 0.0267084558, -0.0948659778, 0.672532082, -0.733962774, -0.994314909, -0.0281986147, 0.102678388, 0.0483578146, 0.739530683, 0.671383679), DesiredAngle = nil},
    }
},

{
    Time = 0.067,
    Motors = {
        ["Left Leg"] = {C0 = CFrame.new(-0.964040458, -0.978388608, 0.124005355, 0.269166559, -0.000830389559, -0.963093281, 0.0647817552, 0.997750461, 0.0172450151, 0.960912406, -0.0670326501, 0.268614858), DesiredAngle = nil},
        ["Right Arm"] = {C0 = CFrame.new(1.03845406, 0.184818864, -0.0696177185, -0.0743735433, -0.732443571, 0.676753461, 0.990465999, 0.0246550515, 0.13553369, -0.115956195, 0.680381298, 0.723626733), DesiredAngle = nil},
        ["Head"] = {C0 = CFrame.new(0, 1, -6.58905265e-06, -1, 0, 0, 0, 0.0397632532, 0.999209106, 0, 0.999209106, -0.0397632532), DesiredAngle = nil},
        ["Torso"] = {C0 = CFrame.new(0, 0, 6.58898898e-06, -1, 0, 0, 0, 0.000525852782, 0.999999881, 0, 0.999999881, -0.000525852782), DesiredAngle = nil},
        ["Right Leg"] = {C0 = CFrame.new(0.944809318, -1.01198816, -0.203512818, 0.267507643, -0.000545567833, 0.963555574, -0.0609631017, 0.997986794, 0.0174899884, -0.961625278, -0.0634200424, 0.266935855), DesiredAngle = nil},
        ["Left Arm"] = {C0 = CFrame.new(-0.959103584, 0.169514954, 0.0279266424, -0.0914460123, 0.673010409, -0.733958244, -0.994446278, -0.0231580362, 0.10266602, 0.0520982668, 0.739270449, 0.671390414), DesiredAngle = nil},
    }
},

{
    Time = 0.067,
    Motors = {
        ["Left Leg"] = {C0 = CFrame.new(-0.973030388, -0.983792782, 0.093005307, 0.264884889, -0.00051088864, -0.96427989, 0.0486297347, 0.998734474, 0.0128293149, 0.963052988, -0.0502909683, 0.264574528), DesiredAngle = nil},
        ["Right Arm"] = {C0 = CFrame.new(1.03703916, 0.166735232, -0.0684006736, -0.0804125667, -0.731814027, 0.676743567, 0.990637243, 0.016472064, 0.135522872, -0.110324882, 0.68130523, 0.7236377), DesiredAngle = nil},
        ["Head"] = {C0 = CFrame.new(0, 1, -5.89549245e-06, -1, 0, 0, 0, 0.0232877173, 0.999728799, 0, 0.999728799, -0.0232877173), DesiredAngle = nil},
        ["Torso"] = {C0 = CFrame.new(0, 0, 5.89538649e-06, -1, 0, 0, 0, 0.0112935603, 0.999936223, 0, 0.999936223, -0.0112935603), DesiredAngle = nil},
        ["Right Leg"] = {C0 = CFrame.new(0.949675798, -1.00899291, -0.213641152, 0.25647372, -0.000681261532, 0.966551006, -0.0458099283, 0.998867393, 0.0128596704, -0.965465009, -0.0475757979, 0.256152034), DesiredAngle = nil},
        ["Left Arm"] = {C0 = CFrame.new(-0.960516214, 0.151429951, 0.0291448291, -0.0880238116, 0.67347157, -0.733953595, -0.994552195, -0.0181169435, 0.102653652, 0.0558373258, 0.738991082, 0.671397328), DesiredAngle = nil},
    }
},

{
    Time = 0.067,
    Motors = {
        ["Left Leg"] = {C0 = CFrame.new(-0.982020259, -0.989196897, 0.0620052926, 0.260593295, -0.000265927054, -0.965448618, 0.0324438997, 0.999437571, 0.00848195143, 0.964903355, -0.0335332565, 0.26045537), DesiredAngle = nil},
        ["Right Arm"] = {C0 = CFrame.new(1.03562438, 0.1486516, -0.0671836287, -0.0864463747, -0.731134713, 0.676734328, 0.990741134, 0.0082880035, 0.135511875, -0.10468623, 0.682182908, 0.723648787), DesiredAngle = nil},
        ["Head"] = {C0 = CFrame.new(0, 1, -5.20193316e-06, -1, 0, 0, 0, 0.0068053063, 0.999976814, 0, 0.999976814, -0.0068053063), DesiredAngle = nil},
        ["Torso"] = {C0 = CFrame.new(0, 0, 5.20178492e-06, -1, 0, 0, 0, 0.0220601037, 0.999756634, 0, 0.999756634, -0.0220601037), DesiredAngle = nil},
        ["Right Leg"] = {C0 = CFrame.new(0.954542279, -1.00599778, -0.223769486, 0.245405033, -0.000635489589, 0.969420433, -0.0305925366, 0.999496639, 0.00839958526, -0.968937814, -0.0317183286, 0.245262071), DesiredAngle = nil},
        ["Left Arm"] = {C0 = CFrame.new(-0.961928904, 0.133344918, 0.030363014, -0.0845992863, 0.673915267, -0.733949065, -0.994632542, -0.013075389, 0.102641255, 0.0595748574, 0.738692939, 0.671404243), DesiredAngle = nil},
    }
},

{
    Time = 0.067,
    Motors = {
        ["Left Leg"] = {C0 = CFrame.new(-0.991010129, -0.994601071, 0.0310052633, 0.256293625, -9.56200529e-05, -0.966598988, 0.016231548, 0.999859393, 0.00420488324, 0.966462672, -0.0167670809, 0.256259173), DesiredAngle = nil},
        ["Right Arm"] = {C0 = CFrame.new(1.03420949, 0.130567968, -0.0659665838, -0.0924739242, -0.73040545, 0.676724732, 0.990777254, 0.000103481114, 0.135500729, -0.0990404934, 0.683013797, 0.723659515), DesiredAngle = nil},
        ["Head"] = {C0 = CFrame.new(0, 1, -4.50837388e-06, -1, 0, 0, 0, -0.00967727881, 0.999953151, 0, 0.999953151, 0.00967727881), DesiredAngle = nil},
        ["Torso"] = {C0 = CFrame.new(0, 0, 4.50818334e-06, -1, 0, 0, 0, 0.032823626, 0.999461174, 0, 0.999461174, -0.032823626), DesiredAngle = nil},
        ["Right Leg"] = {C0 = CFrame.new(0.95940876, -1.00300264, -0.233897835, 0.234307975, -0.000408315333, 0.972162306, -0.0153196305, 0.999874175, 0.00411225297, -0.972041667, -0.0158567019, 0.234272242), DesiredAngle = nil},
        ["Left Arm"] = {C0 = CFrame.new(-0.963341534, 0.115259916, 0.0315812007, -0.0811724961, 0.674341679, -0.733944595, -0.994687319, -0.00803332031, 0.102629006, 0.0633110404, 0.738375902, 0.671411157), DesiredAngle = nil},
    }
},

{
    Time = 0.066,
    Motors = {
        ["Left Leg"] = {C0 = CFrame.new(-1, -1.00000525, 5.23406197e-06, 0.251987875, -5.73185943e-11, -0.967730403, 1.59703735e-08, 1, 4.09930312e-09, 0.967730403, -1.64879896e-08, 0.251987875), DesiredAngle = nil},
        ["Right Arm"] = {C0 = CFrame.new(1.03279459, 0.112484336, -0.0647495389, -0.0984949768, -0.729626536, 0.676715553, 0.990745842, -0.00808028132, 0.135489553, -0.0933887288, 0.683798134, 0.723670363), DesiredAngle = nil},
        ["Head"] = {C0 = CFrame.new(0, 1, -3.81481414e-06, -1, 0, 0, 0, -0.0261533167, 0.999657929, 0, 0.999657929, 0.0261533167), DesiredAngle = nil},
        ["Torso"] = {C0 = CFrame.new(0, 0, 3.81458153e-06, -1, 0, 0, 0, 0.0435822532, 0.999049842, 0, 0.999049842, -0.0435822532), DesiredAngle = nil},
        ["Right Leg"] = {C0 = CFrame.new(0.964275241, -1.00000739, -0.244026169, 0.223188952, -4.90507746e-10, 0.974775195, -1.50865738e-08, 1, 3.95749211e-09, -0.974775195, -1.55892863e-08, 0.223188952), DesiredAngle = nil},
        ["Left Arm"] = {C0 = CFrame.new(-0.964754164, 0.0971748829, 0.0327993818, -0.0777437091, 0.674750686, -0.733939707, -0.994716465, -0.00299144536, 0.102616727, 0.067045182, 0.738039672, 0.67141819), DesiredAngle = nil},
    }
},




}
return keyFrames 
