local keyFrames = {

 
{
    Time = 0.082,
    Motors = {
        ["Left Leg"] = {C0 = CFrame.new(-0.852418542, -0.96208334, 0.348130137, 0.655571163, 0.0996093526, -0.748534858, -0.0601647645, 0.995000422, 0.0797144696, 0.752732754, -0.00722308271, 0.658286512), DesiredAngle = nil},
        ["Right Arm"] = {C0 = CFrame.new(1.01915336, 0.425192386, -0.0126648489, 0.0173010752, -0.077789329, 0.996819675, -0.00062167336, 0.996967852, 0.0778116807, -0.999850154, -0.00196592649, 0.0172002576), DesiredAngle = nil},
        ["Head"] = {C0 = CFrame.new(0, 1.01666188, 0, -0.999981582, -0.00604100991, 0.00061910256, 0.000589396514, 0.00492214225, 0.999987721, -0.00604398083, 0.999969661, -0.00491849426), DesiredAngle = nil},
        ["Torso"] = {C0 = CFrame.new(0.000329835195, -0.00520225195, -0.000956848613, -1, 0, 0, 0, 0, 1, 0, 1, 0), DesiredAngle = nil},
        ["Right Leg"] = {C0 = CFrame.new(1.08705723, -0.966359138, -0.0222447347, 0.262017936, -0.0419883654, 0.964149117, -0.0241556708, 0.99845469, 0.0500469282, -0.964760602, -0.0364028662, 0.260598809), DesiredAngle = nil},
        ["Left Arm"] = {C0 = CFrame.new(-0.987015545, 0.434896827, -0.0108798277, 0.0169414952, 0.0852150097, -0.996218562, -0.00184629019, 0.996362507, 0.0851959214, 0.999854803, 0.00039595901, 0.0170372017), DesiredAngle = nil},
    }
},

{
    Time = 0.084,
    Motors = {
        ["Left Leg"] = {C0 = CFrame.new(-0.855095387, -0.961717844, 0.345345795, 0.649685383, 0.0997497067, -0.753630519, -0.0594058968, 0.99498415, 0.0804827288, 0.757878542, -0.0075183548, 0.652352333), DesiredAngle = nil},
        ["Right Arm"] = {C0 = CFrame.new(1.01933587, 0.423088789, -0.0130874915, 0.0202401355, -0.0777846128, 0.996764719, -0.000679903198, 0.996967673, 0.0778142512, -0.9997949, -0.00225266954, 0.0201258734), DesiredAngle = nil},
        ["Head"] = {C0 = CFrame.new(0, 1.01666188, 0, -0.999981582, -0.00603905506, 0.000637896941, 0.000570587115, 0.0111371502, 0.999937773, -0.00604578573, 0.999919713, -0.0111334976), DesiredAngle = nil},
        ["Torso"] = {C0 = CFrame.new(0.000551902631, -0.00868675392, -0.00159692555, -1, 0, 0, 0, 0, 1, 0, 1, 0), DesiredAngle = nil},
        ["Right Leg"] = {C0 = CFrame.new(1.08789515, -0.96287328, -0.0364898741, 0.25466764, -0.0418774672, 0.966121435, -0.03018599, 0.998230755, 0.0512262397, -0.966557384, -0.0422089994, 0.252952933), DesiredAngle = nil},
        ["Left Arm"] = {C0 = CFrame.new(-0.987608254, 0.432360232, -0.0111962771, 0.0188423116, 0.0852145404, -0.996184468, -0.00184101798, 0.996362627, 0.0851949602, 0.999820769, 0.00022873329, 0.0189306568), DesiredAngle = nil},
    }
},

{
    Time = 0.084,
    Motors = {
        ["Left Leg"] = {C0 = CFrame.new(-0.858309746, -0.961277068, 0.341948658, 0.642577112, 0.0998999253, -0.759680629, -0.0585788116, 0.994967401, 0.0812917575, 0.763978541, -0.00773503631, 0.645195305), DesiredAngle = nil},
        ["Right Arm"] = {C0 = CFrame.new(1.01956165, 0.42052412, -0.013601386, 0.0239518508, -0.0777792633, 0.996682823, -0.000621612649, 0.996967494, 0.0778164119, -0.999712944, -0.00248340238, 0.0238308683), DesiredAngle = nil},
        ["Head"] = {C0 = CFrame.new(0, 1.01666236, 0, -0.999981582, -0.00603661686, 0.00066056347, 0.00054788671, 0.0186464954, 0.999825954, -0.00604788493, 0.999807894, -0.0186428446), DesiredAngle = nil},
        ["Torso"] = {C0 = CFrame.new(0.000816424203, -0.012896236, -0.0023676299, -1, 0, 0, 0, 0, 1, 0, 1, 0), DesiredAngle = nil},
        ["Right Leg"] = {C0 = CFrame.new(1.08854318, -0.958761752, -0.0532935448, 0.245813698, -0.0419027209, 0.968410969, -0.0371855535, 0.997922122, 0.0526185408, -0.968603551, -0.0489452519, 0.243744761), DesiredAngle = nil},
        ["Left Arm"] = {C0 = CFrame.new(-0.988331556, 0.429271072, -0.0115830489, 0.0212604348, 0.0852138177, -0.996135831, -0.00185784651, 0.996362686, 0.085193567, 0.999772251, 3.94016388e-05, 0.0213414188), DesiredAngle = nil},
    }
},

{
    Time = 0.082,
    Motors = {
        ["Left Leg"] = {C0 = CFrame.new(-0.861964881, -0.960782528, 0.338003248, 0.634308994, 0.0999727175, -0.766588271, -0.0574424304, 0.99495703, 0.0822244659, 0.770942569, -0.00812101737, 0.63685292), DesiredAngle = nil},
        ["Right Arm"] = {C0 = CFrame.new(1.0198257, 0.417551219, -0.0142017286, 0.0281840693, -0.0777714029, 0.996572733, -0.00062938768, 0.996967196, 0.0778199807, -0.999602556, -0.00282053184, 0.0280496422), DesiredAngle = nil},
        ["Head"] = {C0 = CFrame.new(0, 1.01666188, 0, -0.999981582, -0.00603365107, 0.000687124848, 0.000521264097, 0.0274495352, 0.99962306, -0.00605023699, 0.999605, -0.0274458844), DesiredAngle = nil},
        ["Torso"] = {C0 = CFrame.new(0.00112339971, -0.0177360009, -0.0032559, -1, 0, 0, 0, 0, 1, 0, 1, 0), DesiredAngle = nil},
        ["Right Leg"] = {C0 = CFrame.new(1.08886719, -0.954091609, -0.072320573, 0.235620037, -0.0420880653, 0.970933437, -0.0451555178, 0.997508645, 0.0541981198, -0.970795631, -0.0566131771, 0.233132526), DesiredAngle = nil},
        ["Left Arm"] = {C0 = CFrame.new(-0.989170432, 0.425689667, -0.0120300958, 0.0240233783, 0.0852127522, -0.996073127, -0.00188937504, 0.996362805, 0.0851919651, 0.999709606, -0.000164632685, 0.0240969975), DesiredAngle = nil},
    }
},

{
    Time = 0.084,
    Motors = {
        ["Left Leg"] = {C0 = CFrame.new(-0.865985513, -0.960223556, 0.333574116, 0.625055432, 0.100138664, -0.774130404, -0.0562776625, 0.99493742, 0.0832612216, 0.778548956, -0.0084766373, 0.627526641), DesiredAngle = nil},
        ["Right Arm"] = {C0 = CFrame.new(1.02012348, 0.414208502, -0.0148693109, 0.0328470021, -0.0777617618, 0.996430695, -0.00062034803, 0.996966898, 0.0778240636, -0.99946022, -0.00317442883, 0.0326991379), DesiredAngle = nil},
        ["Head"] = {C0 = CFrame.new(0, 1.01666188, 0, -0.999981582, -0.00603180565, 0.000630506547, 0.000405172817, 0.0372860283, 0.999304533, -0.00605112035, 0.999286413, -0.037282899), DesiredAngle = nil},
        ["Torso"] = {C0 = CFrame.new(0.00146303163, -0.0231145956, -0.00424213801, -1, 0, 0, 0, 0, 1, 0, 1, 0), DesiredAngle = nil},
        ["Right Leg"] = {C0 = CFrame.new(1.08866608, -0.949041545, -0.0928893834, 0.224245206, -0.0425931737, 0.97360152, -0.0536590032, 0.996989191, 0.0559753627, -0.973054409, -0.0647946894, 0.221284553), DesiredAngle = nil},
        ["Left Arm"] = {C0 = CFrame.new(-0.990109682, 0.421666265, -0.0125273727, 0.027134737, 0.0852100626, -0.995993435, -0.00184941466, 0.996362865, 0.0851912871, 0.999630094, -0.000469646766, 0.0271936338), DesiredAngle = nil},
    }
},

{
    Time = 0.083,
    Motors = {
        ["Left Leg"] = {C0 = CFrame.new(-0.870274961, -0.959632277, 0.328714937, 0.614880204, 0.100260921, -0.782221258, -0.0548943803, 0.994921029, 0.0843728408, 0.78670764, -0.00893963873, 0.617261052), DesiredAngle = nil},
        ["Right Arm"] = {C0 = CFrame.new(1.02044535, 0.410553604, -0.0156041319, 0.0381162465, -0.0777481869, 0.996244133, -0.0006739893, 0.996966422, 0.077830337, -0.999273062, -0.00363805471, 0.0379482135), DesiredAngle = nil},
        ["Head"] = {C0 = CFrame.new(0, 1.01666188, 0, -0.999981582, -0.00602831552, 0.000663043349, 0.00037251669, 0.048068814, 0.998843968, -0.00605321815, 0.998825848, -0.0480656847), DesiredAngle = nil},
        ["Torso"] = {C0 = CFrame.new(0.00183205516, -0.028940592, -0.00531328656, -1, 0, 0, 0, 0, 1, 0, 1, 0), DesiredAngle = nil},
        ["Right Leg"] = {C0 = CFrame.new(1.08783937, -0.943712234, -0.114575483, 0.211852729, -0.0433592498, 0.976339281, -0.0626213402, 0.996360123, 0.0578363836, -0.975293279, -0.0733924657, 0.208366394), DesiredAngle = nil},
        ["Left Arm"] = {C0 = CFrame.new(-0.991139412, 0.417256057, -0.013079904, 0.0305907559, 0.0852064714, -0.995893598, -0.00182416406, 0.996363044, 0.0851906016, 0.999530315, -0.000789363927, 0.0306349266), DesiredAngle = nil},
    }
},

{
    Time = 0.084,
    Motors = {
        ["Left Leg"] = {C0 = CFrame.new(-0.874747097, -0.959019482, 0.323500961, 0.604042232, 0.100478254, -0.790592909, -0.0534966365, 0.994894922, 0.0855700597, 0.79515475, -0.00939387642, 0.606333792), DesiredAngle = nil},
        ["Right Arm"] = {C0 = CFrame.new(1.02079105, 0.406624973, -0.0163917821, 0.0436399058, -0.0777340606, 0.996018589, -0.000631258474, 0.996966004, 0.0778356567, -0.999047101, -0.0040254849, 0.043458432), DesiredAngle = nil},
        ["Head"] = {C0 = CFrame.new(0, 1.01666188, 0, -0.999981642, -0.00602692738, 0.000611888012, 0.000250943762, 0.0597092099, 0.998215795, -0.00605270918, 0.998197675, -0.0597066022), DesiredAngle = nil},
        ["Torso"] = {C0 = CFrame.new(0.00222067232, -0.0351192802, -0.00644648075, -1, 0, 0, 0, 0, 1, 0, 1, 0), DesiredAngle = nil},
        ["Right Leg"] = {C0 = CFrame.new(1.08633101, -0.93814826, -0.137144208, 0.198780835, -0.0444965772, 0.979033291, -0.0718569905, 0.995618284, 0.0598400496, -0.977406144, -0.0822454393, 0.19471243), DesiredAngle = nil},
        ["Left Arm"] = {C0 = CFrame.new(-0.992249489, 0.412524402, -0.0136675946, 0.0342189074, 0.0852019638, -0.995775938, -0.00180629059, 0.996363103, 0.0851901323, 0.999412715, -0.00111644343, 0.0342483521), DesiredAngle = nil},
    }
},

{
    Time = 0.083,
    Motors = {
        ["Left Leg"] = {C0 = CFrame.new(-0.879337549, -0.958385229, 0.318007559, 0.592609227, 0.100682586, -0.799172938, -0.0519769117, 0.994869351, 0.0867947638, 0.803811371, -0.0098968409, 0.594801962), DesiredAngle = nil},
        ["Right Arm"] = {C0 = CFrame.new(1.02116096, 0.402470589, -0.0172274578, 0.04959682, -0.0777152926, 0.995741189, -0.000657914788, 0.996965408, 0.0778436065, -0.998769104, -0.00451588305, 0.049395185), DesiredAngle = nil},
        ["Head"] = {C0 = CFrame.new(0, 1.01666188, 0, -0.999981642, -0.00602306006, 0.000648835383, 0.000213821244, 0.0719468445, 0.99740845, -0.00605413271, 0.99739033, -0.0719442368), DesiredAngle = nil},
        ["Torso"] = {C0 = CFrame.new(0.00262888358, -0.0415559523, -0.00762866065, -1, 0, 0, 0, 0, 1, 0, 1, 0), DesiredAngle = nil},
        ["Right Leg"] = {C0 = CFrame.new(1.08407414, -0.932517231, -0.160014585, 0.185107946, -0.0459539071, 0.98164314, -0.0811197981, 0.994782507, 0.0618657172, -0.979364395, -0.0910825357, 0.180414379), DesiredAngle = nil},
        ["Left Arm"] = {C0 = CFrame.new(-0.993419886, 0.40751645, -0.0142904446, 0.0381016247, 0.0851979852, -0.995635271, -0.00188570644, 0.996363103, 0.0851881057, 0.999272108, -0.00136833976, 0.0381237082), DesiredAngle = nil},
    }
},

{
    Time = 0.084,
    Motors = {
        ["Left Leg"] = {C0 = CFrame.new(-0.883970976, -0.957740188, 0.312299103, 0.580715835, 0.10081964, -0.807839334, -0.0503975302, 0.994850874, 0.0879306719, 0.812544823, -0.0103496313, 0.582806766), DesiredAngle = nil},
        ["Right Arm"] = {C0 = CFrame.new(1.02154517, 0.398138523, -0.0180967543, 0.0557213463, -0.0776101649, 0.995425463, -0.000593957026, 0.996971667, 0.0777639598, -0.998446167, -0.00492432434, 0.0555065088), DesiredAngle = nil},
        ["Head"] = {C0 = CFrame.new(0, 1.01666188, 0, -0.999981642, -0.00601878855, 0.000687326072, 0.000175114372, 0.0846929252, 0.996407092, -0.00605537556, 0.996388972, -0.0846903175), DesiredAngle = nil},
        ["Torso"] = {C0 = CFrame.new(0.00304689235, -0.0481624566, -0.00884023402, -1, 0, 0, 0, 0, 1, 0, 1, 0), DesiredAngle = nil},
        ["Right Leg"] = {C0 = CFrame.new(1.08106875, -0.926897407, -0.182862625, 0.171004727, -0.047737848, 0.984113038, -0.0903219879, 0.993860185, 0.0639055073, -0.981121421, -0.0998151898, 0.165642992), DesiredAngle = nil},
        ["Left Arm"] = {C0 = CFrame.new(-0.99464047, 0.402297556, -0.0149384141, 0.0421599634, 0.0851913765, -0.995472252, -0.00188624149, 0.996363163, 0.0851877257, 0.999109089, -0.00171379291, 0.0421673246), DesiredAngle = nil},
    }
},

{
    Time = 0.082,
    Motors = {
        ["Left Leg"] = {C0 = CFrame.new(-0.935916662, -0.952429533, 0.237981856, 0.572476685, 0.076064527, -0.816385031, -0.00526100211, 0.9960078, 0.0891112089, 0.819904089, -0.0467190966, 0.57059139), DesiredAngle = nil},
        ["Right Arm"] = {C0 = CFrame.new(1.02193892, 0.39367196, -0.0189948697, 0.062019933, -0.0775862113, 0.995054781, -0.000607292866, 0.996970892, 0.0777734593, -0.99807471, -0.00542776659, 0.0617849492), DesiredAngle = nil},
        ["Head"] = {C0 = CFrame.new(0, 1.01666188, 0, -0.999981701, -0.00601834385, 0.00064088183, 4.88619553e-05, 0.0978583917, 0.995200336, -0.00605217321, 0.995182157, -0.0978563055), DesiredAngle = nil},
        ["Torso"] = {C0 = CFrame.new(0.0034681668, -0.0548440591, -0.0100648683, -1, 0, 0, 0, 0, 1, 0, 1, 0), DesiredAngle = nil},
        ["Right Leg"] = {C0 = CFrame.new(1.07739294, -0.921288729, -0.205565408, 0.156820253, -0.0499190092, 0.986364782, -0.0994482785, 0.992847621, 0.0660581812, -0.982607484, -0.10845153, 0.150734261), DesiredAngle = nil},
        ["Left Arm"] = {C0 = CFrame.new(-0.99589622, 0.396917939, -0.0156114949, 0.0463002734, 0.0851856321, -0.99528873, -0.00197672308, 0.996363103, 0.0851856321, 0.998925626, -0.00197672308, 0.0463002734), DesiredAngle = nil},
    }
},

{
    Time = 0.083,
    Motors = {
        ["Left Leg"] = {C0 = CFrame.new(-0.973489404, -0.946957529, 0.180198312, 0.56247437, 0.0586187243, -0.824734211, 0.0285559315, 0.995511293, 0.0902321935, 0.826321483, -0.0743043423, 0.5582757), DesiredAngle = nil},
        ["Right Arm"] = {C0 = CFrame.new(1.02234244, 0.389123768, -0.0199073888, 0.0684888959, -0.0775593221, 0.994632483, -0.000613805605, 0.996970057, 0.0777838677, -0.997651696, -0.0059378501, 0.0682337731), DesiredAngle = nil},
        ["Head"] = {C0 = CFrame.new(0, 1.01666188, 0, -0.999981701, -0.00601388561, 0.000681447098, 8.05300078e-06, 0.111269087, 0.993790269, -0.00605236506, 0.993772089, -0.111267), DesiredAngle = nil},
        ["Torso"] = {C0 = CFrame.new(0.00388944149, -0.0615028143, -0.0112895044, -1, 0, 0, 0, 0, 1, 0, 1, 0), DesiredAngle = nil},
        ["Right Leg"] = {C0 = CFrame.new(1.07309151, -0.915847659, -0.227609038, 0.142710835, -0.0522472598, 0.988384485, -0.108258277, 0.991790414, 0.0680584908, -0.983826101, -0.116713479, 0.135883033), DesiredAngle = nil},
        ["Left Arm"] = {C0 = CFrame.new(-0.997177064, 0.391437829, -0.0162896011, 0.0505335256, 0.0851747245, -0.995083749, -0.00189844379, 0.996363103, 0.0851878226, 0.998720586, -0.00241573667, 0.0505114421), DesiredAngle = nil},
    }
},

{
    Time = 0.084,
    Motors = {
        ["Left Leg"] = {C0 = CFrame.new(-0.998763561, -0.942463875, 0.137852579, 0.5515306, 0.0476094782, -0.832794905, 0.0522245057, 0.994440496, 0.0914369076, 0.83251828, -0.0939225554, 0.54597795), DesiredAngle = nil},
        ["Right Arm"] = {C0 = CFrame.new(1.02275062, 0.384541929, -0.0208247136, 0.0749556646, -0.0775299445, 0.994168341, -0.000620235223, 0.996969163, 0.0777951255, -0.997186661, -0.00644783163, 0.0746803954), DesiredAngle = nil},
        ["Head"] = {C0 = CFrame.new(0, 1.01666188, 0, -0.999981701, -0.00601454545, 0.000635840697, -0.000118921918, 0.124664269, 0.992198944, -0.00604689214, 0.992180765, -0.124662705), DesiredAngle = nil},
        ["Torso"] = {C0 = CFrame.new(0.00430418365, -0.068053782, -0.0124912756, -1, 0, 0, 0, 0, 1, 0, 1, 0), DesiredAngle = nil},
        ["Right Leg"] = {C0 = CFrame.new(1.06827605, -0.910618901, -0.248803511, 0.128776997, -0.0548744388, 0.990154147, -0.116821393, 0.990676105, 0.0700968653, -0.984768629, -0.124698058, 0.121165797), DesiredAngle = nil},
        ["Left Arm"] = {C0 = CFrame.new(-0.998472989, 0.385912538, -0.0169777498, 0.0547623895, 0.0851646662, -0.994860828, -0.00190641452, 0.996363044, 0.0851883292, 0.998497605, -0.0027685198, 0.0547255762), DesiredAngle = nil},
    }
},

{
    Time = 0.083,
    Motors = {
        ["Left Leg"] = {C0 = CFrame.new(-1.01820028, -0.938486218, 0.102419242, 0.54058665, 0.0393856987, -0.840365887, 0.0713518858, 0.993157983, 0.0924455598, 0.838257074, -0.10993652, 0.534077704), DesiredAngle = nil},
        ["Right Arm"] = {C0 = CFrame.new(1.02315891, 0.379964918, -0.0217468403, 0.081506148, -0.0774977803, 0.993655264, -0.000623209402, 0.99696821, 0.0778072923, -0.99667263, -0.00696105603, 0.0812107325), DesiredAngle = nil},
        ["Head"] = {C0 = CFrame.new(0, 1.01666188, 0, -0.999981701, -0.00601008674, 0.000676669122, -0.000159982068, 0.13812837, 0.990414321, -0.00604594359, 0.990396142, -0.138126791), DesiredAngle = nil},
        ["Torso"] = {C0 = CFrame.new(0.004705864, -0.0743990242, -0.0136571294, -1, 0, 0, 0, 0, 1, 0, 1, 0), DesiredAngle = nil},
        ["Right Leg"] = {C0 = CFrame.new(1.06306958, -0.905680537, -0.268836051, 0.115345471, -0.0576179065, 0.991652966, -0.124794379, 0.989565849, 0.0720122606, -0.985455155, -0.132058993, 0.106951557), DesiredAngle = nil},
        ["Left Arm"] = {C0 = CFrame.new(-0.999763906, 0.380402297, -0.0176659022, 0.0590766668, 0.0851533934, -0.994614899, -0.00191808166, 0.996362925, 0.0851891264, 0.998251617, -0.00312495697, 0.0590251312), DesiredAngle = nil},
    }
},

{
    Time = 0.083,
    Motors = {
        ["Left Leg"] = {C0 = CFrame.new(-1.03370237, -0.934949398, 0.0717483237, 0.529840052, 0.0332326218, -0.847446203, 0.0873337686, 0.99178195, 0.0934955403, 0.843588948, -0.123548359, 0.522583425), DesiredAngle = nil},
        ["Right Arm"] = {C0 = CFrame.new(1.02356231, 0.375445545, -0.0226545595, 0.0878819749, -0.0774637237, 0.993114352, -0.000632812502, 0.996967196, 0.0778202489, -0.996130705, -0.00746745523, 0.0875664279), DesiredAngle = nil},
        ["Head"] = {C0 = CFrame.new(0, 1.01666188, 0, -0.999981701, -0.00601199456, 0.000630635128, -0.00028634409, 0.15131636, 0.988485336, -0.00603819359, 0.988467097, -0.151315317), DesiredAngle = nil},
        ["Torso"] = {C0 = CFrame.new(0.00508795027, -0.0804470927, -0.0147642009, -1, 0, 0, 0, 0, 1, 0, 1, 0), DesiredAngle = nil},
        ["Right Leg"] = {C0 = CFrame.new(1.05765092, -0.900999188, -0.287729055, 0.102508992, -0.0604443438, 0.992893934, -0.132342756, 0.98845005, 0.0738372281, -0.985889077, -0.138971299, 0.0933256447), DesiredAngle = nil},
        ["Left Arm"] = {C0 = CFrame.new(-1.00103474, 0.374952346, -0.0183440093, 0.0633039922, 0.0851411, -0.994355857, -0.0019260851, 0.996362805, 0.0851903185, 0.997992456, -0.00347768236, 0.0632377267), DesiredAngle = nil},
    }
},

{
    Time = 0.083,
    Motors = {
        ["Left Leg"] = {C0 = CFrame.new(-1.04624808, -0.93181026, 0.0448508747, 0.5195719, 0.0283690318, -0.853955626, 0.101049967, 0.990394235, 0.0943834111, 0.848430276, -0.135331154, 0.511714339), DesiredAngle = nil},
        ["Right Arm"] = {C0 = CFrame.new(1.02395606, 0.371027023, -0.0235382654, 0.0941691175, -0.0774275437, 0.992540717, -0.000645647058, 0.996966124, 0.0778340176, -0.995555997, -0.00797041506, 0.0938334242), DesiredAngle = nil},
        ["Head"] = {C0 = CFrame.new(0, 1.01666188, 0, -0.999981701, -0.006007744, 0.000669928209, -0.000325815694, 0.164228067, 0.9864223, -0.00603619404, 0.986404061, -0.164227024), DesiredAngle = nil},
        ["Torso"] = {C0 = CFrame.new(0.00544717582, -0.0861065388, -0.0158026908, -1, 0, 0, 0, 0, 1, 0, 1, 0), DesiredAngle = nil},
        ["Right Leg"] = {C0 = CFrame.new(1.05217624, -0.896731257, -0.304968357, 0.0906012282, -0.0632354617, 0.99387759, -0.139283895, 0.987368703, 0.0755183846, -0.986099064, -0.145273209, 0.0806491151), DesiredAngle = nil},
        ["Left Arm"] = {C0 = CFrame.new(-1.00228047, 0.369632989, -0.0190070421, 0.0673582777, 0.0851280391, -0.994090617, -0.00192674401, 0.996362686, 0.0851920545, 0.997726977, -0.0038230205, 0.0672772899), DesiredAngle = nil},
    }
},

{
    Time = 0.083,
    Motors = {
        ["Left Leg"] = {C0 = CFrame.new(-1.05631053, -0.929068923, 0.0215332378, 0.510134161, 0.0246765502, -0.859740794, 0.112651698, 0.989060462, 0.0952311307, 0.852685571, -0.145431906, 0.501773655), DesiredAngle = nil},
        ["Right Arm"] = {C0 = CFrame.new(1.0243355, 0.366762191, -0.0243931543, 0.100195624, -0.0773040429, 0.991960168, -0.000672817463, 0.996971667, 0.0777625516, -0.99496752, -0.00845887419, 0.0998401865), DesiredAngle = nil},
        ["Head"] = {C0 = CFrame.new(0, 1.01666188, 0, -0.999981761, -0.00601104228, 0.000621928892, -0.000449966115, 0.176691949, 0.984266102, -0.00602635508, 0.984247863, -0.176691413), DesiredAngle = nil},
        ["Torso"] = {C0 = CFrame.new(0.00577374548, -0.0912793949, -0.0167530067, -1, 0, 0, 0, 0, 1, 0, 1, 0), DesiredAngle = nil},
        ["Right Leg"] = {C0 = CFrame.new(1.04683578, -0.892899036, -0.320476025, 0.0796988979, -0.0658821911, 0.994639456, -0.145528272, 0.986353576, 0.0769943148, -0.986138701, -0.150884524, 0.069023557), DesiredAngle = nil},
        ["Left Arm"] = {C0 = CFrame.new(-1.00348592, 0.364489436, -0.0196449645, 0.0713256672, 0.085114114, -0.993815005, -0.00192377344, 0.996362507, 0.0851942226, 0.997451246, -0.00416467292, 0.071229957), DesiredAngle = nil},
    }
},

{
    Time = 0.084,
    Motors = {
        ["Left Leg"] = {C0 = CFrame.new(-1.06441629, -0.926703811, 0.00141921267, 0.501627862, 0.021787066, -0.864809096, 0.122453801, 0.987828612, 0.0959149599, 0.856372893, -0.154012784, 0.492854476), DesiredAngle = nil},
        ["Right Arm"] = {C0 = CFrame.new(1.02469575, 0.362694263, -0.0252144244, 0.105958372, -0.077270031, 0.991363764, -0.000619735103, 0.996970892, 0.0777733028, -0.994370341, -0.00885513611, 0.105589524), DesiredAngle = nil},
        ["Head"] = {C0 = CFrame.new(0, 1.01666188, 0, -0.999981761, -0.00600718614, 0.0006581333, -0.000486265868, 0.18853873, 0.982065618, -0.00602353457, 0.982047379, -0.188538194), DesiredAngle = nil},
        ["Torso"] = {C0 = CFrame.new(0.00606439309, -0.0958807692, -0.0175988246, -1, 0, 0, 0, 0, 1, 0, 1, 0), DesiredAngle = nil},
        ["Right Leg"] = {C0 = CFrame.new(1.04184163, -0.889536083, -0.334039629, 0.0700550899, -0.0683469549, 0.995198965, -0.150975376, 0.985431373, 0.0783037618, -0.986052096, -0.155736119, 0.0587157831), DesiredAngle = nil},
        ["Left Arm"] = {C0 = CFrame.new(-1.00463116, 0.359586954, -0.020257771, 0.0751200542, 0.0850995332, -0.993536651, -0.00191343913, 0.996362329, 0.0851968825, 0.997172654, -0.00449890411, 0.0750096217), DesiredAngle = nil},
    }
},

{
    Time = 0.083,
    Motors = {
        ["Left Leg"] = {C0 = CFrame.new(-1.07072675, -0.924725711, -0.0152976355, 0.494313151, 0.0196190514, -0.869062483, 0.130526811, 0.986735582, 0.0965177119, 0.859428465, -0.161145926, 0.485195547), DesiredAngle = nil},
        ["Right Arm"] = {C0 = CFrame.new(1.02503669, 0.358866453, -0.0259780604, 0.111292548, -0.0772315562, 0.990782142, -0.000669524539, 0.99696964, 0.0777890682, -0.993787467, -0.00932068378, 0.110903583), DesiredAngle = nil},
        ["Head"] = {C0 = CFrame.new(0, 1.01666188, 0, -0.999981761, -0.00601203833, 0.000606108515, -0.000606098736, 0.199599579, 0.979877353, -0.00601203926, 0.979859114, -0.199599579), DesiredAngle = nil},
        ["Torso"] = {C0 = CFrame.new(0.0063125859, -0.0998093933, -0.0183205418, -1, 0, 0, 0, 0, 1, 0, 1, 0), DesiredAngle = nil},
        ["Right Leg"] = {C0 = CFrame.new(1.03739488, -0.886709392, -0.345458061, 0.0617505275, -0.0706046224, 0.995591223, -0.15553169, 0.984628737, 0.0794738978, -0.985898972, -0.159753546, 0.0498200841), DesiredAngle = nil},
        ["Left Arm"] = {C0 = CFrame.new(-1.0057112, 0.354975879, -0.0208303928, 0.0786555186, 0.0850846246, -0.993264258, -0.00189211313, 0.996362031, 0.0852001533, 0.996900082, -0.0048221047, 0.0785303637), DesiredAngle = nil},
    }
},

{
    Time = 0.083,
    Motors = {
        ["Left Leg"] = {C0 = CFrame.new(-1.07541394, -0.92317766, -0.0284561701, 0.488361657, 0.0180623643, -0.872454345, 0.13680245, 0.985839128, 0.0969857723, 0.861851454, -0.166718021, 0.478975058), DesiredAngle = nil},
        ["Right Arm"] = {C0 = CFrame.new(1.02535367, 0.355331659, -0.0266888663, 0.116277732, -0.0771978721, 0.990212083, -0.000646536704, 0.996968746, 0.0778005496, -0.993216515, -0.00968668237, 0.115875356), DesiredAngle = nil},
        ["Head"] = {C0 = CFrame.new(0, 1.01666188, 0, -0.999981761, -0.00600880152, 0.000637401012, -0.000637401012, 0.209792927, 0.977745593, -0.00600880152, 0.977727354, -0.209792927), DesiredAngle = nil},
        ["Torso"] = {C0 = CFrame.new(0.00651179394, -0.102980398, -0.0189018361, -1, 0, 0, 0, 0, 1, 0, 1, 0), DesiredAngle = nil},
        ["Right Leg"] = {C0 = CFrame.new(1.03368556, -0.884463727, -0.354530275, 0.0551981367, -0.0724290237, 0.99584496, -0.159180775, 0.983971119, 0.0803885683, -0.985705137, -0.16295667, 0.0427840538), DesiredAngle = nil},
        ["Left Arm"] = {C0 = CFrame.new(-1.00671077, 0.350716352, -0.0213628318, 0.082014516, 0.0850728229, -0.992993534, -0.00194960402, 0.996361911, 0.0852003768, 0.996629238, -0.00505174743, 0.081882), DesiredAngle = nil},
    }
},

{
    Time = 0.084,
    Motors = {
        ["Left Leg"] = {C0 = CFrame.new(-1.07862842, -0.922070384, -0.0378950611, 0.484018892, 0.0169814453, -0.874892771, 0.141289517, 0.985176265, 0.0972879305, 0.863575697, -0.170702383, 0.474444658), DesiredAngle = nil},
        ["Right Arm"] = {C0 = CFrame.new(1.02564192, 0.352128208, -0.0273324363, 0.120831795, -0.0771649927, 0.989669263, -0.00064032618, 0.996967852, 0.0778122395, -0.992672801, -0.0100358846, 0.120416008), DesiredAngle = nil},
        ["Head"] = {C0 = CFrame.new(0, 1.01666188, 0, -0.999981761, -0.00600571837, 0.000665828004, -0.000665828004, 0.219037026, 0.975716293, -0.00600571837, 0.975698054, -0.219037026), DesiredAngle = nil},
        ["Torso"] = {C0 = CFrame.new(0.00665875059, -0.105292514, -0.0193263777, -1, 0, 0, 0, 0, 1, 0, 1, 0), DesiredAngle = nil},
        ["Right Leg"] = {C0 = CFrame.new(1.03090358, -0.882832468, -0.361111015, 0.0503054708, -0.0738122687, 0.996002555, -0.161835536, 0.983483016, 0.0810583457, -0.985534728, -0.16526629, 0.0375291482), DesiredAngle = nil},
        ["Left Arm"] = {C0 = CFrame.new(-1.00761485, 0.34685868, -0.0218400173, 0.0849464461, 0.0850579664, -0.99274832, -0.00190252112, 0.996361613, 0.0852047578, 0.996383727, -0.00534912525, 0.0847992077), DesiredAngle = nil},
    }
},

{
    Time = 0.082,
    Motors = {
        ["Left Leg"] = {C0 = CFrame.new(-1.08044517, -0.921436071, -0.0434100553, 0.48145926, 0.016464036, -0.876313806, 0.143792212, 0.984792769, 0.0975036025, 0.86459285, -0.172951132, 0.471770227), DesiredAngle = nil},
        ["Right Arm"] = {C0 = CFrame.new(1.02589166, 0.349313796, -0.0278943572, 0.124783732, -0.0771340653, 0.989181161, -0.000657586381, 0.996966898, 0.0778241381, -0.992183745, -0.010361651, 0.124354534), DesiredAngle = nil},
        ["Head"] = {C0 = CFrame.new(0, 1.01666188, 0, -0.999981761, -0.00600288901, 0.00069086533, -0.00069086533, 0.227166355, 0.973855674, -0.00600288901, 0.973837435, -0.227166355), DesiredAngle = nil},
        ["Torso"] = {C0 = CFrame.new(0.00674365927, -0.10666085, -0.0195778385, -1, 0, 0, 0, 0, 1, 0, 1, 0), DesiredAngle = nil},
        ["Right Leg"] = {C0 = CFrame.new(1.02923882, -0.881815791, -0.365099669, 0.0474920496, -0.0746194422, 0.996080518, -0.163476825, 0.983179331, 0.0814473778, -0.985403359, -0.166704178, 0.0344946459), DesiredAngle = nil},
        ["Left Arm"] = {C0 = CFrame.new(-1.00840855, 0.343468159, -0.0222619493, 0.0875301808, 0.0850471556, -0.992524803, -0.00192688266, 0.996361494, 0.0852059871, 0.996159971, -0.0055456236, 0.0873755813), DesiredAngle = nil},
    }
},

{
    Time = 0.083,
    Motors = {
        ["Left Leg"] = {C0 = CFrame.new(-1.08087528, -0.921274841, -0.044721663, 0.480835021, 0.0162921622, -0.876659751, 0.144427612, 0.984698534, 0.0975164026, 0.864834309, -0.173503175, 0.47112453), DesiredAngle = nil},
        ["Right Arm"] = {C0 = CFrame.new(1.02610779, 0.346931636, -0.0283746328, 0.128130808, -0.0771109238, 0.988754988, -0.000612311531, 0.996966422, 0.0778306648, -0.991757095, -0.0105779152, 0.12769489), DesiredAngle = nil},
        ["Head"] = {C0 = CFrame.new(0, 1.01666188, 0, -0.999981761, -0.00600042008, 0.000711989473, -0.000711989473, 0.234016299, 0.972232401, -0.00600042008, 0.972214162, -0.234016299), DesiredAngle = nil},
        ["Torso"] = {C0 = CFrame.new(0.00676651997, -0.106987432, -0.0196366236, -1, 0, 0, 0, 0, 1, 0, 1, 0), DesiredAngle = nil},
        ["Right Leg"] = {C0 = CFrame.new(1.02883661, -0.881581128, -0.366027057, 0.0468248315, -0.074754931, 0.996101975, -0.163844392, 0.983115256, 0.0814823285, -0.985374272, -0.167021111, 0.0337860249), DesiredAngle = nil},
        ["Left Arm"] = {C0 = CFrame.new(-1.0090816, 0.340595007, -0.0226185825, 0.0897695571, 0.0850370005, -0.992325604, -0.00193652138, 0.996361315, 0.0852076486, 0.995960653, -0.00572739402, 0.0896075964), DesiredAngle = nil},
    }
},

{
    Time = 0.084,
    Motors = {
        ["Left Leg"] = {C0 = CFrame.new(-1.0798862, -0.921629608, -0.0416901149, 0.482237339, 0.016664017, -0.875882089, 0.142982796, 0.984914839, 0.0974609107, 0.864293396, -0.172235355, 0.472580075), DesiredAngle = nil},
        ["Right Arm"] = {C0 = CFrame.new(1.02627587, 0.345024943, -0.0287588555, 0.130880207, -0.0770848617, 0.988396883, -0.000676645432, 0.996965408, 0.0778427199, -0.991397977, -0.0108568408, 0.130430877), DesiredAngle = nil},
        ["Head"] = {C0 = CFrame.new(0, 1.01666188, 0, -0.999981761, -0.00599841587, 0.000728681334, -0.000728681334, 0.239422426, 0.970915198, -0.00599841587, 0.970896959, -0.239422426), DesiredAngle = nil},
        ["Torso"] = {C0 = CFrame.new(0.0067175352, -0.106233068, -0.0194994658, -1, 0, 0, 0, 0, 1, 0, 1, 0), DesiredAngle = nil},
        ["Right Leg"] = {C0 = CFrame.new(1.02976394, -0.882117391, -0.363893121, 0.0483995415, -0.0742930323, 0.996061265, -0.163017541, 0.983271122, 0.0812602192, -0.985435307, -0.166308403, 0.0354788117), DesiredAngle = nil},
        ["Left Arm"] = {C0 = CFrame.new(-1.009619, 0.338299483, -0.0229048952, 0.0915787369, 0.085027799, -0.992161095, -0.00192773878, 0.996361196, 0.0852098018, 0.995795965, -0.00589075964, 0.091409415), DesiredAngle = nil},
    }
},

{
    Time = 0.083,
    Motors = {
        ["Left Leg"] = {C0 = CFrame.new(-1.0775212, -0.922468126, -0.0345841534, 0.485572338, 0.0173861161, -0.874023557, 0.13967061, 0.985416055, 0.097197324, 0.862966776, -0.169271737, 0.476062417), DesiredAngle = nil},
        ["Right Arm"] = {C0 = CFrame.new(1.02640069, 0.343641758, -0.0290326141, 0.132765427, -0.0770744905, 0.988146186, -0.000602499116, 0.996965408, 0.0778433308, -0.99114728, -0.0109302737, 0.132316098), DesiredAngle = nil},
        ["Head"] = {C0 = CFrame.new(0, 1.01666188, 0, -0.999981761, -0.00599691411, 0.000740939053, -0.000740939053, 0.24338901, 0.969928443, -0.00599691411, 0.969910204, -0.24338901), DesiredAngle = nil},
        ["Torso"] = {C0 = CFrame.new(0.00660650292, -0.104476146, -0.0191761665, -1, 0, 0, 0, 0, 1, 0, 1, 0), DesiredAngle = nil},
        ["Right Leg"] = {C0 = CFrame.new(1.0318979, -0.883402228, -0.358798385, 0.0520424172, -0.0732553303, 0.995954454, -0.160919443, 0.983657897, 0.0807595253, -0.985594511, -0.164471343, 0.039403744), DesiredAngle = nil},
        ["Left Arm"] = {C0 = CFrame.new(-1.01001084, 0.336631835, -0.0231158622, 0.0928719193, 0.0850199312, -0.992041528, -0.00189688453, 0.996360958, 0.0852125436, 0.995676279, -0.0060320748, 0.0926952362), DesiredAngle = nil},
    }
},

{
    Time = 0.084,
    Motors = {
        ["Left Leg"] = {C0 = CFrame.new(-1.0737263, -0.92374742, -0.0236295871, 0.49052462, 0.0185906105, -0.871229053, 0.13448742, 0.986179531, 0.0967633575, 0.860987127, -0.164634138, 0.48124513), DesiredAngle = nil},
        ["Right Arm"] = {C0 = CFrame.new(1.02647281, 0.342830062, -0.0291959066, 0.133968264, -0.0769761279, 0.987991512, -0.000647195615, 0.996971607, 0.0777635351, -0.990985453, -0.0110572502, 0.133512735), DesiredAngle = nil},
        ["Head"] = {C0 = CFrame.new(0, 1.01666188, 0, -0.999981761, -0.00599604007, 0.00074798055, -0.00074798055, 0.24566631, 0.969354153, -0.00599604007, 0.969335914, -0.24566631), DesiredAngle = nil},
        ["Torso"] = {C0 = CFrame.new(0.00643995358, -0.101808093, -0.018686315, -1, 0, 0, 0, 0, 1, 0, 1, 0), DesiredAngle = nil},
        ["Right Leg"] = {C0 = CFrame.new(1.0350709, -0.885290384, -0.351189911, 0.0576039515, -0.0717442334, 0.995758295, -0.15789929, 0.984205484, 0.0800462216, -0.985773623, -0.161840498, 0.0453657545), DesiredAngle = nil},
        ["Left Arm"] = {C0 = CFrame.new(-1.01023686, 0.335657358, -0.0232364163, 0.0935596302, 0.0850178525, -0.991977096, -0.00192635739, 0.996361017, 0.0852118954, 0.995611787, -0.00606149295, 0.0933829471), DesiredAngle = nil},
    }
},

{
    Time = 0.082,
    Motors = {
        ["Left Leg"] = {C0 = CFrame.new(-1.06836188, -0.92547822, -0.00894465018, 0.497090548, 0.0204485916, -0.867457688, 0.12747179, 0.987154484, 0.096317023, 0.858284295, -0.158454672, 0.488098532), DesiredAngle = nil},
        ["Right Arm"] = {C0 = CFrame.new(1.02648711, 0.342652321, -0.0292343311, 0.134139627, -0.0769751668, 0.987968326, -0.00064046029, 0.996971607, 0.0777635872, -0.990962267, -0.0110639185, 0.133684099), DesiredAngle = nil},
        ["Head"] = {C0 = CFrame.new(0, 1.01666188, 0, -0.999981761, -0.00599581189, 0.000749806291, -0.000749806291, 0.24625656, 0.969204366, -0.00599581189, 0.969186127, -0.24625656), DesiredAngle = nil},
        ["Torso"] = {C0 = CFrame.new(0.00621788809, -0.0983236283, -0.018046245, -1, 0, 0, 0, 0, 1, 0, 1, 0), DesiredAngle = nil},
        ["Right Leg"] = {C0 = CFrame.new(1.03909302, -0.887770712, -0.341168106, 0.064909175, -0.0697941259, 0.995447397, -0.153797522, 0.984932423, 0.0790854022, -0.985968113, -0.158230707, 0.0531969815), DesiredAngle = nil},
        ["Left Arm"] = {C0 = CFrame.new(-1.01028717, 0.335441351, -0.0232615322, 0.0937315524, 0.085017316, -0.991960883, -0.00193374045, 0.996360958, 0.0852117166, 0.995595634, -0.00606885925, 0.0935548693), DesiredAngle = nil},
    }
},

{
    Time = 0.084,
    Motors = {
        ["Left Leg"] = {C0 = CFrame.new(-1.06143868, -0.927585304, 0.00900850259, 0.504851401, 0.0228401534, -0.862904072, 0.118771993, 0.9883039, 0.0956481993, 0.854996085, -0.150776953, 0.496233851), DesiredAngle = nil},
        ["Right Arm"] = {C0 = CFrame.new(1.02641034, 0.343511999, -0.0290614385, 0.132936835, -0.0769876093, 0.988129914, -0.000601519831, 0.996972144, 0.077757448, -0.991124332, -0.0109312208, 0.132488012), DesiredAngle = nil},
        ["Head"] = {C0 = CFrame.new(0, 1.01666188, 0, -0.999981761, -0.00599678466, 0.000741982425, -0.000741982425, 0.243726522, 0.969843686, -0.00599678466, 0.969825447, -0.243726522), DesiredAngle = nil},
        ["Torso"] = {C0 = CFrame.new(0.00595336687, -0.0941141397, -0.017275542, -1, 0, 0, 0, 0, 1, 0, 1, 0), DesiredAngle = nil},
        ["Right Leg"] = {C0 = CFrame.new(1.04378545, -0.890820861, -0.328855872, 0.0737133548, -0.0674366802, 0.994996786, -0.14888604, 0.985785723, 0.077842474, -0.986103058, -0.153879181, 0.0626251772), DesiredAngle = nil},
        ["Left Arm"] = {C0 = CFrame.new(-1.01004601, 0.336481094, -0.0231309384, 0.0929579362, 0.0850196928, -0.992033482, -0.00190057186, 0.996360958, 0.085212484, 0.995668232, -0.00603576703, 0.0927812532), DesiredAngle = nil},
    }
},

{
    Time = 0.083,
    Motors = {
        ["Left Leg"] = {C0 = CFrame.new(-1.05254817, -0.930122375, 0.0304661747, 0.513792574, 0.0259907432, -0.8575207, 0.108260617, 0.989586473, 0.0948590338, 0.851056337, -0.141573578, 0.505628407), DesiredAngle = nil},
        ["Right Arm"] = {C0 = CFrame.new(1.0262326, 0.345505118, -0.0286628157, 0.130191401, -0.0770942643, 0.988487065, -0.000617533457, 0.996965945, 0.0778368786, -0.991488695, -0.0107441004, 0.129748777), DesiredAngle = nil},
        ["Head"] = {C0 = CFrame.new(0, 1.01666188, 0, -0.999981761, -0.00599892158, 0.000724508718, -0.000724508718, 0.238071635, 0.971247315, -0.00599892158, 0.971229076, -0.238071635), DesiredAngle = nil},
        ["Torso"] = {C0 = CFrame.new(0.00564639317, -0.089274399, -0.0163840093, -1, 0, 0, 0, 0, 1, 0, 1, 0), DesiredAngle = nil},
        ["Right Leg"] = {C0 = CFrame.new(1.04894722, -0.894373715, -0.31449908, 0.083943598, -0.064874202, 0.994356453, -0.14308244, 0.986753106, 0.0764571726, -0.986144423, -0.148693055, 0.0735492483), DesiredAngle = nil},
        ["Left Arm"] = {C0 = CFrame.new(-1.00948346, 0.338882059, -0.0228345823, 0.0910629854, 0.0850293338, -0.992208421, -0.00190564012, 0.996361196, 0.0852103084, 0.995843291, -0.00586870825, 0.0908936635), DesiredAngle = nil},
    }
},

{
    Time = 0.084,
    Motors = {
        ["Left Leg"] = {C0 = CFrame.new(-1.0415076, -0.933035731, 0.0552564375, 0.523584068, 0.030156672, -0.851440132, 0.095824711, 0.990947545, 0.0940242037, 0.846567988, -0.130818576, 0.515954554), DesiredAngle = nil},
        ["Right Arm"] = {C0 = CFrame.new(1.02596366, 0.34850204, -0.0280576739, 0.125898615, -0.0771282315, 0.989040315, -0.000613799784, 0.996966898, 0.0778245032, -0.992042899, -0.0104050804, 0.125469401), DesiredAngle = nil},
        ["Head"] = {C0 = CFrame.new(0, 1.01666188, 0, -0.999981761, -0.00600207364, 0.000697907642, -0.000697907642, 0.229450941, 0.973319948, -0.00600207364, 0.973301709, -0.229450941), DesiredAngle = nil},
        ["Torso"] = {C0 = CFrame.new(0.00530676218, -0.0838958323, -0.015397775, -1, 0, 0, 0, 0, 1, 0, 1, 0), DesiredAngle = nil},
        ["Right Leg"] = {C0 = CFrame.new(1.05435479, -0.898395896, -0.298276484, 0.0952643454, -0.0621481277, 0.993510127, -0.136575818, 0.987795055, 0.0748864189, -0.986038387, -0.142823458, 0.0856137127), DesiredAngle = nil},
        ["Left Arm"] = {C0 = CFrame.new(-1.00863957, 0.342488527, -0.0223825201, 0.0883042142, 0.0850450099, -0.992456436, -0.00196003052, 0.996361494, 0.085205242, 0.996091604, -0.00557873026, 0.0881496146), DesiredAngle = nil},
    }
},

{
    Time = 0.083,
    Motors = {
        ["Left Leg"] = {C0 = CFrame.new(-1.02786529, -0.936325312, 0.0835837424, 0.534034967, 0.0355477706, -0.844714761, 0.0811986253, 0.992340744, 0.0930946097, 0.841554224, -0.118305452, 0.527058244), DesiredAngle = nil},
        ["Right Arm"] = {C0 = CFrame.new(1.02561784, 0.352373004, -0.0272844322, 0.12048886, -0.0771667436, 0.989710927, -0.000653781462, 0.996967852, 0.0778121427, -0.992714465, -0.0100225415, 0.120073073), DesiredAngle = nil},
        ["Head"] = {C0 = CFrame.new(0, 1.01666188, 0, -0.999981761, -0.00600594794, 0.000663742656, -0.000663742656, 0.218359366, 0.975868165, -0.00600594794, 0.975849926, -0.218359366), DesiredAngle = nil},
        ["Torso"] = {C0 = CFrame.new(0.00493773818, -0.078069821, -0.0143298917, -1, 0, 0, 0, 0, 1, 0, 1, 0), DesiredAngle = nil},
        ["Right Leg"] = {C0 = CFrame.new(1.05982935, -0.902809083, -0.280389071, 0.10759373, -0.0592815988, 0.992425978, -0.129460439, 0.988885999, 0.0731055737, -0.985729992, -0.13634561, 0.0987233222), DesiredAngle = nil},
        ["Left Arm"] = {C0 = CFrame.new(-1.00754452, 0.347154915, -0.0218048748, 0.0846885368, 0.0850586593, -0.992770314, -0.00189145934, 0.996361673, 0.0852050036, 0.996405661, -0.00533809233, 0.0845412984), DesiredAngle = nil},
    }
},

{
    Time = 0.083,
    Motors = {
        ["Left Leg"] = {C0 = CFrame.new(-1.0109551, -0.940023422, 0.115974523, 0.544943929, 0.0423791222, -0.837400794, 0.0641165525, 0.993691444, 0.092012912, 0.836017489, -0.103833124, 0.538788915), DesiredAngle = nil},
        ["Right Arm"] = {C0 = CFrame.new(1.02520478, 0.35698843, -0.0263575092, 0.113957301, -0.0772140622, 0.990480602, -0.000651315786, 0.996969163, 0.0777948201, -0.993485451, -0.00951037928, 0.11356163), DesiredAngle = nil},
        ["Head"] = {C0 = CFrame.new(0, 1.01666188, 0, -0.999981761, -0.00601033308, 0.00062279671, -0.00062279671, 0.205038548, 0.978753686, -0.00601033308, 0.978735447, -0.205038548), DesiredAngle = nil},
        ["Torso"] = {C0 = CFrame.new(0.00454585673, -0.0718911514, -0.0131966993, -1, 0, 0, 0, 0, 1, 0, 1, 0), DesiredAngle = nil},
        ["Right Leg"] = {C0 = CFrame.new(1.06518114, -0.907624483, -0.260971069, 0.120683089, -0.0564901307, 0.99108243, -0.121655904, 0.990012228, 0.0712430701, -0.985208273, -0.129168883, 0.112605363), DesiredAngle = nil},
