local keyFrames = {


{
    Time = 0.066,
    Motors = {
        ["Left Leg"] = {C0 = CFrame.new(-1.25829732, -0.466331542, -0.093766138, 0.717004657, 0.195957005, -0.668958187, 0.117212027, 0.912116766, 0.392815709, 0.687143028, -0.360060662, 0.631023526), DesiredAngle = nil},
        ["Right Arm"] = {C0 = CFrame.new(0.826631427, 1.04607797, -0.943492413, -0.171302319, 0.488348633, 0.855669916, 0.749260366, -0.49937889, 0.435005337, 0.639737785, 0.715637028, -0.280355513), DesiredAngle = nil},
        ["Head"] = {C0 = CFrame.new(2.4840574e-08, 0.999999702, 8.4294534e-08, -0.798619747, -0.597911656, -0.0686168075, -0.0538796932, -0.0425240025, 0.997641623, -0.599419415, 0.800433278, 0.00174521469), DesiredAngle = nil},
        ["Torso"] = {C0 = CFrame.new(-0.160670727, -0.435113609, 0.440692335, -0.736112714, 0.612929165, -0.287151515, 0.0882948861, 0.507571042, 0.857073903, 0.671075404, 0.605548978, -0.427748024), DesiredAngle = nil},
        ["Right Leg"] = {C0 = CFrame.new(1.22168231, -0.554252863, 0.284975052, 0.592954338, -0.0894631594, 0.800250888, 0.414742947, 0.885780096, -0.20828338, -0.690212607, 0.455400944, 0.562331378), DesiredAngle = nil},
        ["Left Arm"] = {C0 = CFrame.new(-1.31452727, 0.675922096, -0.428338587, 0.282905221, 0.770649135, -0.571020603, -0.918210804, 0.0455321372, -0.393466294, -0.27722466, 0.635631025, 0.720499635), DesiredAngle = nil},
    }
},

{
    Time = 0.067,
    Motors = {
        ["Left Leg"] = {C0 = CFrame.new(-1.28199983, -0.358471692, -0.158258185, 0.73650372, 0.242438331, -0.631494939, 0.0929602236, 0.88843143, 0.449497461, 0.670015395, -0.389760494, 0.631796002), DesiredAngle = nil},
        ["Right Arm"] = {C0 = CFrame.new(0.802254438, 0.999529421, -1.03900194, -0.115669996, 0.422318697, 0.899036944, 0.526869774, -0.741203189, 0.415964007, 0.842038393, 0.521789908, -0.136771977), DesiredAngle = nil},
        ["Head"] = {C0 = CFrame.new(3.35395463e-08, 0.999999642, 1.01853779e-07, -0.661772132, -0.74586767, -0.0757567808, -0.0524843112, -0.0547095686, 0.99712193, -0.747865617, 0.663843572, -0.00294108316), DesiredAngle = nil},
        ["Torso"] = {C0 = CFrame.new(-0.19766736, -0.52780354, 0.534087062, -0.683961749, 0.644078374, -0.342577606, 0.107885897, 0.553733468, 0.825675368, 0.721496344, 0.527771115, -0.448219448), DesiredAngle = nil},
        ["Right Leg"] = {C0 = CFrame.new(1.28227687, -0.49965179, 0.344897896, 0.664839566, -0.141413689, 0.733478427, 0.473198682, 0.839500308, -0.267062217, -0.577989101, 0.52463454, 0.62504977), DesiredAngle = nil},
        ["Left Arm"] = {C0 = CFrame.new(-1.31635797, 0.643211961, -0.579848826, 0.14304997, 0.776585758, -0.613555849, -0.813857734, -0.260460794, -0.519418538, -0.563180447, 0.573650181, 0.594771504), DesiredAngle = nil},
    }
},

{
    Time = 0.067,
    Motors = {
        ["Left Leg"] = {C0 = CFrame.new(-1.13842154, -0.352603674, -0.393313974, 0.131687149, 0.360675514, -0.923348129, 0.0150076542, 0.930627763, 0.365659416, 0.991177738, -0.0620099232, 0.117138833), DesiredAngle = nil},
        ["Right Arm"] = {C0 = CFrame.new(0.855189323, 0.199148953, -0.560238779, -0.0668590516, -0.351275206, 0.93388176, 0.963391721, -0.266277224, -0.031187132, 0.259626776, 0.897609055, 0.356218696), DesiredAngle = nil},
        ["Head"] = {C0 = CFrame.new(2.60778279e-08, 0.999999702, 1.04183975e-07, -0.657337129, -0.749823868, -0.0753125027, -0.0518143736, -0.0547312349, 0.997155786, -0.751813233, 0.659369826, -0.00287478231), DesiredAngle = nil},
        ["Torso"] = {C0 = CFrame.new(-0.22261335, -0.556944251, 0.561019182, -0.89590013, 0.388904303, -0.214747369, -0.0681179464, 0.357417405, 0.931457341, 0.439002186, 0.849120915, -0.293718934), DesiredAngle = nil},
        ["Right Leg"] = {C0 = CFrame.new(1.36563373, -0.677250266, 0.359950393, 0.581538856, -0.141403168, 0.801135302, 0.499331027, 0.839493513, -0.214287609, -0.642246902, 0.524648249, 0.558805048), DesiredAngle = nil},
        ["Left Arm"] = {C0 = CFrame.new(-1.00259507, 0.294325054, -0.918295145, 0.120581709, -0.0274289139, -0.992324233, -0.906199574, -0.411157489, -0.0987514704, -0.405292958, 0.911151528, -0.0744341388), DesiredAngle = nil},
    }
},

{
    Time = 0.067,
    Motors = {
        ["Left Leg"] = {C0 = CFrame.new(-0.909115136, -1.26358593, 0.365357161, 0.295926124, -0.411635727, -0.86196506, 0.362706244, 0.883220553, -0.297263592, 0.883669555, -0.224672019, 0.410670906), DesiredAngle = nil},
        ["Right Arm"] = {C0 = CFrame.new(1.40806842, 0.29254514, -0.529659569, -0.0903635919, -0.861519575, 0.499618232, 0.913311601, -0.271723479, -0.303361565, 0.397109956, 0.428894401, 0.811389685), DesiredAngle = nil},
        ["Head"] = {C0 = CFrame.new(2.60778421e-08, 0.999999642, 1.1210409e-07, -0.756482363, -0.648241997, -0.0866994113, -0.0677961111, -0.0541248322, 0.996230006, -0.650490761, 0.759508312, -0.00300380401), DesiredAngle = nil},
        ["Torso"] = {C0 = CFrame.new(0.0595314056, -0.227424413, 0.256479561, -0.625204861, -0.686594129, 0.371089578, 0.0828657895, 0.41438964, 0.906319261, -0.776049137, 0.597385764, -0.202183217), DesiredAngle = nil},
        ["Right Leg"] = {C0 = CFrame.new(0.699432671, -0.310514152, -0.835946262, -0.44756496, -0.141406938, 0.883000433, 0.418462902, 0.839519143, 0.346549332, -0.79030025, 0.524606228, -0.316565812), DesiredAngle = nil},
        ["Left Arm"] = {C0 = CFrame.new(0.362295151, 0.247553319, -1.76923919, 0.329930335, -0.73977989, -0.586405814, -0.772335351, -0.568723917, 0.282933176, -0.542811275, 0.359553635, -0.75899744), DesiredAngle = nil},
    }
},

{
    Time = 0.067,
    Motors = {
        ["Left Leg"] = {C0 = CFrame.new(-0.852983952, -1.48654997, 0.551038623, 0.28757602, -0.582713485, -0.760095358, 0.45430097, 0.781650007, -0.427356839, 0.843155205, -0.222414464, 0.489511132), DesiredAngle = nil},
        ["Right Arm"] = {C0 = CFrame.new(1.54337692, 0.315384507, -0.522196114, -0.110680699, -0.930743039, 0.348521411, 0.898715854, -0.243453473, -0.364746988, 0.424334466, 0.272851378, 0.863419056), DesiredAngle = nil},
        ["Head"] = {C0 = CFrame.new(2.98087173e-08, 0.999999642, 1.124479e-07, -0.937930882, -0.327058226, -0.115406483, -0.107544094, -0.0420884639, 0.993309021, -0.329727143, 0.944066465, 0.00430290215), DesiredAngle = nil},
        ["Torso"] = {C0 = CFrame.new(0.128582209, -0.146782383, 0.181949854, -0.336858511, -0.824273348, 0.455082148, 0.0970900357, 0.450344741, 0.887560189, -0.936536074, 0.343166173, -0.071673736), DesiredAngle = nil},
        ["Right Leg"] = {C0 = CFrame.new(0.536370158, -0.220750451, -1.12865973, -0.665800333, -0.141389295, 0.732611001, 0.311538547, 0.839515388, 0.445148885, -0.677977502, 0.524616897, -0.5149014), DesiredAngle = nil},
        ["Left Arm"] = {C0 = CFrame.new(0.696395755, 0.236086726, -1.97750902, 0.396084577, -0.825945497, -0.401162446, -0.744128883, -0.544695854, 0.386754066, -0.537949145, 0.145329237, -0.830355525), DesiredAngle = nil},
    }
},

{
    Time = 0.066,
    Motors = {
        ["Left Leg"] = {C0 = CFrame.new(-0.871931434, -1.41125369, 0.48832801, 0.292607725, -0.527137995, -0.797813475, 0.42377162, 0.819410563, -0.385984421, 0.857203841, -0.225148678, 0.463151991), DesiredAngle = nil},
        ["Right Arm"] = {C0 = CFrame.new(1.49769819, 0.307679206, -0.524718523, -0.103209943, -0.910326719, 0.400815248, 0.903684139, -0.254181892, -0.344596058, 0.415575027, 0.326644659, 0.84888196), DesiredAngle = nil},
        ["Head"] = {C0 = CFrame.new(2.235954e-08, 0.999999583, 1.26658321e-07, -0.927385449, 0.341221035, -0.15337646, -0.158459961, 0.0131053077, 0.987278402, 0.338890195, 0.939891696, 0.0419162177), DesiredAngle = nil},
        ["Torso"] = {C0 = CFrame.new(0.105262749, -0.174022645, 0.207118466, -0.440041751, -0.787446678, 0.431614339, 0.0937535316, 0.437737226, 0.894201517, -0.893069685, 0.433951378, -0.118796721), DesiredAngle = nil},
        ["Right Leg"] = {C0 = CFrame.new(0.59144783, -0.251062155, -1.02980232, -0.596754372, -0.141419351, 0.789863706, 0.350528151, 0.839517474, 0.41513896, -0.721813142, 0.524605513, -0.451414287), DesiredAngle = nil},
        ["Left Arm"] = {C0 = CFrame.new(0.583600163, 0.239949167, -1.90720034, 0.373686969, -0.801985204, -0.466023147, -0.753142118, -0.555610895, 0.352240622, -0.541419387, 0.219353944, -0.811633408), DesiredAngle = nil},
    }
},



}
return keyFrames
