local keyFrames = {
 
{
    Time = 0.067,
    Motors = {
        ["Left Leg"] = {C0 = CFrame.new(-1.18507862, -0.783429742, 0.27946049, 0.704957187, -0.0143679231, -0.7091043, -0.0301312916, 0.998285413, -0.0501824021, 0.708609521, 0.0567426719, 0.703315556), DesiredAngle = nil},
        ["Right Arm"] = {C0 = CFrame.new(1, 0.0494672358, -0.382156104, 0.0089056408, -0.0241067484, 0.99966985, -0.77396822, -0.633168995, -0.00837373268, 0.633161783, -0.77363801, -0.0242966339), DesiredAngle = nil},
        ["Head"] = {C0 = CFrame.new(0, 1, -1.24263497e-08, -0.694443941, 0.718131304, -0.04511014, 0.0922341496, 0.151016533, 0.984218836, 0.713610768, 0.67932415, -0.171108752), DesiredAngle = nil},
        ["Torso"] = {C0 = CFrame.new(-0.0267204177, -0.264973342, 0.217481375, 0.140463442, -0.98984468, -0.0218517855, 0.197167724, 0.00633683056, 0.980349243, -0.970255017, -0.142011702, 0.196055502), DesiredAngle = nil},
        ["Right Leg"] = {C0 = CFrame.new(1.05607939, -0.592805684, -0.454422981, -0.0418021604, -0.259033024, 0.964963496, -0.246946856, 0.938521147, 0.241237164, -0.968127012, -0.228210464, -0.103199579), DesiredAngle = nil},
        ["Left Arm"] = {C0 = CFrame.new(-1.22739267, 0.184590816, -1.03116977, 0.284358174, -0.953615427, -0.0987828076, -0.87125963, -0.214046881, -0.441690475, 0.400058717, 0.211663783, -0.891712666), DesiredAngle = nil},
    }
},

{
    Time = 0.066,
    Motors = {
        ["Left Leg"] = {C0 = CFrame.new(-1.2124691, -0.724226892, 0.335199177, 0.806903839, -0.00930958614, -0.590609491, -0.0436214246, 0.996206403, -0.0752994418, 0.589069963, 0.0865226388, 0.803436637), DesiredAngle = nil},
        ["Right Arm"] = {C0 = CFrame.new(1, -0.0406393409, -0.458587319, 0.0197817683, -0.0336093046, 0.999239206, -0.504637957, -0.863121033, -0.0190407522, 0.863104403, -0.503877401, -0.0340345912), DesiredAngle = nil},
        ["Head"] = {C0 = CFrame.new(0, 1, -4.47075763e-08, -0.541998684, 0.837936699, -0.0640273392, 0.139415771, 0.164787114, 0.976426363, 0.828734338, 0.520295382, -0.206135988), DesiredAngle = nil},
        ["Torso"] = {C0 = CFrame.new(-0.023051938, -0.323906988, 0.272885352, 0.574127495, -0.811154068, -0.111384101, 0.24784565, 0.0425197929, 0.967865586, -0.780352414, -0.583284557, 0.225452825), DesiredAngle = nil},
        ["Right Leg"] = {C0 = CFrame.new(1.05969632, -0.499349773, -0.574289799, -0.0765776187, -0.326687843, 0.942024887, -0.338417947, 0.897229075, 0.283642799, -0.937874794, -0.297077477, -0.17926468), DesiredAngle = nil},
        ["Left Arm"] = {C0 = CFrame.new(-1.28907108, 0.113810062, -1.30312538, 0.475562334, -0.844377398, 0.246713221, -0.831043482, -0.523202002, -0.188749582, 0.288456857, -0.115267307, -0.950529456), DesiredAngle = nil},
    }
},

{
    Time = 0.068,
    Motors = {
        ["Left Leg"] = {C0 = CFrame.new(-1.26678944, -0.813826323, 0.336077988, 0.806674898, -0.022864677, -0.590553105, 0.0274909474, 0.999621451, -0.00115106255, 0.590355814, -0.0153063303, 0.806998074), DesiredAngle = nil},
        ["Right Arm"] = {C0 = CFrame.new(1, -0.0406393409, -0.458587319, -0.0177578814, 0.0171980448, 0.999694347, 0.0071841008, -0.999824047, 0.0173278898, 0.999816477, 0.00748961186, 0.0176312029), DesiredAngle = nil},
        ["Head"] = {C0 = CFrame.new(3.73813736e-09, 0.99999994, 7.44898898e-09, -0.694773674, 0.712345958, -0.0992617905, 0.0464542471, 0.182168633, 0.98216939, 0.717726707, 0.677774251, -0.159657449), DesiredAngle = nil},
        ["Torso"] = {C0 = CFrame.new(-0.0738950968, -0.290384978, 0.205672845, -0.151240855, -0.980684102, 0.124034844, 0.0966524407, 0.110205948, 0.989197969, -0.983760297, 0.161595449, 0.0781178772), DesiredAngle = nil},
        ["Right Leg"] = {C0 = CFrame.new(1.10258651, -0.567157626, -0.410752326, 0.126355425, -0.247105032, 0.960715055, -0.0945148617, 0.961072505, 0.259627789, -0.987472117, -0.123607233, 0.0980816185), DesiredAngle = nil},
        ["Left Arm"] = {C0 = CFrame.new(-1.19764614, 0.157276988, -0.932293177, 0.509018004, -0.724332213, -0.46502012, -0.855840266, -0.368241191, -0.363229781, 0.0918595195, 0.582873404, -0.807354033), DesiredAngle = nil},
    }
},

{
    Time = 0.066,
    Motors = {
        ["Left Leg"] = {C0 = CFrame.new(-1.4011817, -1.03553009, 0.338268101, 0.802061319, -0.0559624881, -0.594613969, 0.201016411, 0.962808847, 0.18053107, 0.562396646, -0.264324158, 0.783481121), DesiredAngle = nil},
        ["Right Arm"] = {C0 = CFrame.new(1, -0.0406393409, -0.458587319, -0.164075211, 0.0172633007, 0.986296773, 0.95940274, -0.2297263, 0.1636222, 0.229402959, 0.973102152, 0.021129936), DesiredAngle = nil},
        ["Head"] = {C0 = CFrame.new(3.72586015e-08, 0.999999642, 9.3126026e-08, -0.929869652, 0.296164423, -0.218240812, -0.182504371, 0.143721953, 0.972643912, 0.319428533, 0.944261968, -0.0795913935), DesiredAngle = nil},
        ["Torso"] = {C0 = CFrame.new(-0.199684337, -0.207437664, 0.0393716693, -0.850655258, 0.516840756, -0.0962354988, 0.169020459, 0.442199826, 0.880846977, 0.497812927, 0.733031332, -0.463516295), DesiredAngle = nil},
        ["Right Leg"] = {C0 = CFrame.new(1.20870733, -0.734918773, -0.00609675003, 0.613447487, -0.226524562, 0.75655055, 0.41883105, 0.905477345, -0.0684924051, -0.669524193, 0.358883381, 0.650338352), DesiredAngle = nil},
        ["Left Arm"] = {C0 = CFrame.new(-0.971489787, 0.264821529, -0.0146758268, 0.123557359, 0.790001571, -0.600525975, -0.990468502, 0.0610540807, -0.123470008, -0.0608768761, 0.610057473, 0.790015221), DesiredAngle = nil},
    }
},

{
    Time = 0.066,
    Motors = {
        ["Left Leg"] = {C0 = CFrame.new(-1.45550203, -1.12512946, 0.339146942, 0.798613369, -0.068651475, -0.597916186, 0.268070936, 0.930055976, 0.25126484, 0.538845778, -0.360947371, 0.761158526), DesiredAngle = nil},
        ["Right Arm"] = {C0 = CFrame.new(0.99998349, -0.0406393409, -0.458587319, -0.200990111, -0.0336258411, 0.979016006, 0.93254602, 0.299434781, 0.201734453, -0.299934953, 0.953524113, -0.0288257822), DesiredAngle = nil},
        ["Head"] = {C0 = CFrame.new(4.47074946e-08, 0.999999583, 1.26646469e-07, -0.956160367, 0.104696333, -0.273488462, -0.263885438, 0.0968848914, 0.959675848, 0.126971453, 0.989773691, -0.0650096387), DesiredAngle = nil},
        ["Torso"] = {C0 = CFrame.new(-0.250527471, -0.173915699, -0.0278408024, -0.226857334, 0.903529406, -0.363552511, 0.330832779, 0.422579199, 0.843787014, 0.916016102, 0.0711442083, -0.394782335), DesiredAngle = nil},
        ["Right Leg"] = {C0 = CFrame.new(1.25159752, -0.802726507, 0.157440633, 0.747614861, -0.291864216, 0.596562862, 0.530292153, 0.803118825, -0.271643817, -0.399827719, 0.519437551, 0.755196929), DesiredAngle = nil},
        ["Left Arm"] = {C0 = CFrame.new(-0.880105078, 0.308328509, 0.356156141, 0.00692972541, 0.996607661, 0.082008183, -0.994705319, -0.00153902173, 0.102758378, 0.102536142, -0.0822862387, 0.991320133), DesiredAngle = nil},
    }
},

{
    Time = 0.068,
    Motors = {
        ["Left Leg"] = {C0 = CFrame.new(-1.44428289, -1.10661113, 0.338965625, 0.799389303, -0.0660568699, -0.597170949, 0.254411191, 0.937646151, 0.236842722, 0.544290006, -0.341256529, 0.766349971), DesiredAngle = nil},
        ["Right Arm"] = {C0 = CFrame.new(1, -0.0406393409, -0.458587348, -0.195746988, -0.0215921998, 0.980416715, 0.961495221, 0.192431077, 0.196207196, -0.192899182, 0.981072962, -0.016907014), DesiredAngle = nil},
        ["Head"] = {C0 = CFrame.new(3.72583884e-08, 0.999999583, 1.13610682e-07, -0.954193771, 0.144649804, -0.261898279, -0.247899428, 0.107859299, 0.962762833, 0.167511612, 0.983586729, -0.0670600832), DesiredAngle = nil},
        ["Torso"] = {C0 = CFrame.new(-0.240022689, -0.180838764, -0.0139525663, -0.381225348, 0.86953336, -0.313973218, 0.298945159, 0.437322021, 0.848163664, 0.874813855, 0.229480654, -0.426660955), DesiredAngle = nil},
        ["Right Leg"] = {C0 = CFrame.new(1.24272609, -0.788721323, 0.123660296, 0.724495769, -0.275286317, 0.631920397, 0.513353527, 0.827290773, -0.228162587, -0.459971875, 0.48970136, 0.740687847), DesiredAngle = nil},
        ["Left Arm"] = {C0 = CFrame.new(-0.898991585, 0.299316317, 0.279547334, 0.0208476484, 0.997304738, -0.0703473389, -0.997825682, 0.0251557231, 0.0609199405, 0.0625253916, 0.0689243674, 0.995660663), DesiredAngle = nil},
    }
},

{
    Time = 0.066,
    Motors = {
        ["Left Leg"] = {C0 = CFrame.new(-1.42369652, -1.07266438, 0.338630825, 0.800750256, -0.0613212734, -0.595851183, 0.229130611, 0.950449049, 0.210108981, 0.553442061, -0.304772556, 0.775122881), DesiredAngle = nil},
        ["Right Arm"] = {C0 = CFrame.new(1, -0.0406393409, -0.458587319, -0.182717264, -0.00132889301, 0.983164608, 0.983123183, -0.00952767022, 0.18269667, 0.00912448298, 0.999953747, 0.00304733962), DesiredAngle = nil},
        ["Head"] = {C0 = CFrame.new(3.7258534e-08, 0.999999642, 9.6850556e-08, -0.945879638, 0.217451587, -0.240886986, -0.217451543, 0.126296014, 0.967865765, 0.240887031, 0.967865765, -0.0721756294), DesiredAngle = nil},
        ["Torso"] = {C0 = CFrame.new(-0.220753267, -0.193547025, 0.0115111088, -0.636586368, 0.741294324, -0.21269843, 0.236602187, 0.450226545, 0.860996842, 0.734014452, 0.497773886, -0.461999893), DesiredAngle = nil},
        ["Right Leg"] = {C0 = CFrame.new(1.22648549, -0.763034999, 0.0616932251, 0.675606251, -0.248944446, 0.69396162, 0.473850965, 0.867729127, -0.150037542, -0.564819753, 0.430200756, 0.704205871), DesiredAngle = nil},
        ["Left Arm"] = {C0 = CFrame.new(-0.933636785, 0.282865882, 0.139021888, 0.0609587431, 0.938214898, -0.340641737, -0.998132229, 0.0559268594, -0.0245814621, -0.00401169062, 0.341503888, 0.939871788), DesiredAngle = nil},
    }
},


}
return keyFrames
