local keyFrames = {

{
    Time = 0.067,
    Motors = {
        ["Left Leg"] = {C0 = CFrame.new(-1.03638566, -0.780085802, 0.331835508, 0.569567323, 0.12978217, -0.811634004, -0.179844081, 0.983206213, 0.0310106948, 0.802028179, 0.128304899, 0.583342671), DesiredAngle = nil},
        ["Right Arm"] = {C0 = CFrame.new(0.839020431, -0.150628567, -0.245096967, 0.318812251, -0.892418385, 0.319293261, 0.925608993, 0.365641564, 0.0977463424, -0.203977525, 0.264377981, 0.942601442), DesiredAngle = nil},
        ["Head"] = {C0 = CFrame.new(2.76735861e-08, 0.999999583, 1.40496667e-07, -0.650666356, 0.744406343, -0.149975076, -0.0985124633, 0.113083497, 0.98868978, 0.752946615, 0.658081591, -0.000246331096), DesiredAngle = nil},
        ["Torso"] = {C0 = CFrame.new(0.0712503567, -0.158343688, 0.192855388, 0.91502744, -0.347318947, 0.205169022, -0.173404992, 0.120554805, 0.977444232, -0.36421901, -0.929965615, 0.0500841178), DesiredAngle = nil},
        ["Right Leg"] = {C0 = CFrame.new(0.815876365, -0.00143587589, -0.318464756, 0.639499724, -0.379001498, 0.668878198, 0.222233772, 0.92402792, 0.311102271, -0.735970318, -0.0503024682, 0.675142467), DesiredAngle = nil},
        ["Left Arm"] = {C0 = CFrame.new(-0.306790948, -0.117101908, -0.549064696, 0.297670424, -0.753829241, -0.585776508, -0.953558266, -0.264360785, -0.144360811, -0.0460328758, 0.601543844, -0.797512472), DesiredAngle = nil},
    }
},

{
    Time = 0.067,
    Motors = {
        ["Left Leg"] = {C0 = CFrame.new(-0.97356075, -0.719875813, 0.61651361, 0.651929915, 0.235890478, -0.720654666, 0.0493879542, 0.935154498, 0.350780398, 0.756669164, -0.264275879, 0.598004997), DesiredAngle = nil},
        ["Right Arm"] = {C0 = CFrame.new(0.839020431, -0.150628567, -0.245097011, 0.345892131, -0.892317593, 0.290047973, 0.930561781, 0.36580056, 0.01564008, -0.120055623, 0.264497876, 0.956884205), DesiredAngle = nil},
        ["Head"] = {C0 = CFrame.new(4.89609597e-08, 0.999999464, 1.80942678e-07, -0.972269654, -0.220221177, 0.0787042975, 0.0231405757, 0.244295329, 0.969424725, -0.232714936, 0.944363475, -0.232424885), DesiredAngle = nil},
        ["Torso"] = {C0 = CFrame.new(-0.030470958, -0.0556402095, 0.0987830758, 0.756683171, 0.6091097, 0.237520576, -0.236250013, -0.0840020329, 0.968054593, 0.609603584, -0.788624823, 0.080339238), DesiredAngle = nil},
        ["Right Leg"] = {C0 = CFrame.new(0.992147148, -0.731853127, 0.323257685, 0.723391593, -0.124122471, 0.679189384, -0.0279977247, 0.97762543, 0.208481759, -0.689870119, -0.169829696, 0.703730881), DesiredAngle = nil},
        ["Left Arm"] = {C0 = CFrame.new(-0.30679369, -0.117095649, -0.549063087, -0.388385624, -0.695233464, -0.604819894, -0.806934118, 0.573539317, -0.141103417, 0.444987804, 0.433247238, -0.783761978), DesiredAngle = nil},
    }
},

{
    Time = 0.067,
    Motors = {
        ["Left Leg"] = {C0 = CFrame.new(-0.771956801, -0.842810214, 0.359696567, 0.329356432, 0.22785154, -0.91630131, 0.2370134, 0.919424474, 0.313820511, 0.913974285, -0.320534468, 0.248814523), DesiredAngle = nil},
        ["Right Arm"] = {C0 = CFrame.new(0.722857714, -0.00333380699, -0.091240406, 0.244738698, -0.9423033, 0.228402317, 0.969497204, 0.24107343, -0.0442607105, -0.0133547783, 0.232267618, 0.972560287), DesiredAngle = nil},
        ["Head"] = {C0 = CFrame.new(5.58793545e-08, 0.999999404, 1.99303031e-07, -0.65966624, -0.719066381, 0.218595743, -0.0607510731, 0.340922505, 0.938126445, -0.749099374, 0.605570376, -0.268579096), DesiredAngle = nil},
        ["Torso"] = {C0 = CFrame.new(-0.128482804, 0.0141982967, 0.000884577632, 0.123780407, 0.95644635, 0.264365137, -0.126446068, -0.249039382, 0.960203707, 0.984220445, -0.152282298, 0.0901126266), DesiredAngle = nil},
        ["Right Leg"] = {C0 = CFrame.new(0.970121264, -1.03774261, 0.732078493, 0.743881345, 0.0482470617, 0.666567922, -0.24747169, 0.946376622, 0.207675278, -0.620804608, -0.319442451, 0.715931654), DesiredAngle = nil},
        ["Left Arm"] = {C0 = CFrame.new(-0.250462413, -0.19543463, -0.634791255, -0.527078807, -0.669076383, -0.523951113, -0.646427274, 0.71588707, -0.263889074, 0.551651776, 0.199605972, -0.809838116), DesiredAngle = nil},
    }
},

{
    Time = 0.066,
    Motors = {
        ["Left Leg"] = {C0 = CFrame.new(-0.431573629, -1.1488893, -0.438616067, -0.531175613, 0.0094056204, -0.847209513, 0.162625343, 0.982477546, -0.091054, 0.831507921, -0.186143398, -0.523397684), DesiredAngle = nil},
        ["Right Arm"] = {C0 = CFrame.new(0.49053216, 0.291255772, 0.216473013, 0.00450348854, -0.990336001, 0.138615698, 0.994206846, -0.0104518831, -0.106974185, 0.107389152, 0.138294399, 0.984551787), DesiredAngle = nil},
        ["Head"] = {C0 = CFrame.new(4.84287668e-08, 0.999999404, 1.95577726e-07, -0.539926589, -0.826069474, 0.161519647, -0.198539853, 0.311468512, 0.929284334, -0.817961693, 0.46967721, -0.332177848), DesiredAngle = nil},
        ["Torso"] = {C0 = CFrame.new(-0.222785234, 0.0511718616, -0.100840174, -0.337476373, 0.89885819, 0.279577971, 0.0220022798, -0.289388657, 0.95695889, 0.941076875, 0.329102337, 0.077884905), DesiredAngle = nil},
        ["Right Leg"] = {C0 = CFrame.new(0.749798477, -0.919104338, 0.907997727, 0.739360213, 0.127845153, 0.661061347, -0.417224556, 0.857582808, 0.300791204, -0.528460145, -0.498204082, 0.687402725), DesiredAngle = nil},
        ["Left Arm"] = {C0 = CFrame.new(-0.137797058, -0.352118909, -0.806249261, -0.15632534, -0.936290562, -0.314519018, -0.836023927, 0.29499656, -0.462645471, 0.525952697, 0.1906223, -0.828876853), DesiredAngle = nil},
    }
},

{
    Time = 0.067,
    Motors = {
        ["Left Leg"] = {C0 = CFrame.new(-0.712310433, -1.36710882, -0.899927676, -0.25456503, -0.280294836, -0.925543845, 0.161466256, 0.931319654, -0.326454282, 0.953480601, -0.232547954, -0.191823244), DesiredAngle = nil},
        ["Right Arm"] = {C0 = CFrame.new(0.461951613, 0.155464441, 0.403511792, -0.769533217, -0.638465822, 0.0134094357, 0.610260367, -0.741400003, -0.279120624, 0.188150883, -0.206609309, 0.960162342), DesiredAngle = nil},
        ["Head"] = {C0 = CFrame.new(4.47033415e-08, 0.999999344, 1.78814147e-07, -0.916114151, -0.39952004, 0.0334464721, -0.150076166, 0.419094563, 0.895453453, -0.371768832, 0.815318048, -0.44389689), DesiredAngle = nil},
        ["Torso"] = {C0 = CFrame.new(-0.103282668, 0.00431798026, 0.0280681439, -0.913045228, 0.253491849, 0.319515705, 0.284168005, -0.166578233, 0.944192886, 0.292569548, 0.952886999, 0.0800591856), DesiredAngle = nil},
        ["Right Leg"] = {C0 = CFrame.new(0.63963747, -0.859784782, 0.995956838, 0.732892275, 0.0019710958, 0.68034184, -0.493299156, 0.690209329, 0.529402614, -0.468534768, -0.723607123, 0.506821394), DesiredAngle = nil},
        ["Left Arm"] = {C0 = CFrame.new(0.587001681, 0.584498227, -0.841875494, 0.584797084, -0.690198064, 0.426190972, -0.806350768, -0.551858187, 0.212722257, 0.088376224, -0.468058765, -0.879266918), DesiredAngle = nil},
    }
},

{
    Time = 0.067,
    Motors = {
        ["Left Leg"] = {C0 = CFrame.new(-0.785407066, -1.37767482, -0.910003364, -0.138425112, -0.30744189, -0.941444635, 0.189992279, 0.924696505, -0.329908013, 0.971978128, -0.22453475, -0.0695896596), DesiredAngle = nil},
        ["Right Arm"] = {C0 = CFrame.new(0.476148903, 0.10957545, 0.408890903, -0.842462718, -0.538658738, 0.0101597309, 0.510641694, -0.804372072, -0.303694814, 0.171760082, -0.250663608, 0.952715099), DesiredAngle = nil},
        ["Head"] = {C0 = CFrame.new(3.11993809e-08, 0.999999285, 2.08616257e-07, -0.953830361, -0.300092459, 0.0123359635, -0.124380194, 0.432054996, 0.893229008, -0.273381114, 0.850454569, -0.449432731), DesiredAngle = nil},
        ["Torso"] = {C0 = CFrame.new(-0.0762676746, -0.00627390109, 0.0572094209, -0.934753895, 0.148253918, 0.322886914, 0.303979307, -0.136762142, 0.942811072, 0.183934152, 0.979447246, 0.0827727988), DesiredAngle = nil},
        ["Right Leg"] = {C0 = CFrame.new(0.63963747, -0.85978508, 0.995957136, 0.732892215, -0.025138855, 0.679880202, -0.493299246, 0.668567061, 0.556483567, -0.468534857, -0.743226886, 0.477586567), DesiredAngle = nil},
        ["Left Arm"] = {C0 = CFrame.new(0.695360541, 0.749025464, -0.833753109, 0.673415899, -0.579180419, 0.459413767, -0.736885428, -0.575703144, 0.354352593, 0.0592516065, -0.577161908, -0.814477205), DesiredAngle = nil},
    }
},



}
return keyFrames
