local keyFrames = {

{
    Time = 0.034,
    Motors = {
        ["Left Leg"] = {C0 = CFrame.new(-0.861633182, -0.0376950502, -0.249310836, -0.259060651, -0.324012578, -0.909892082, -0.933067977, 0.327347159, 0.149090916, 0.249543235, 0.887614667, -0.387128502), DesiredAngle = nil},
        ["Right Arm"] = {C0 = CFrame.new(1.13869429, 0.0834622383, -0.457060277, -0.790748, 0.390483797, 0.471423596, 0.506938279, -0.0139447451, 0.861869633, 0.343119919, 0.920504272, -0.186924338), DesiredAngle = nil},
        ["Head"] = {C0 = CFrame.new(0, 1.016662, -5.08514006e-07, -0.905512631, -0.407501459, -0.118277386, 0.145821229, -0.560622633, 0.815130949, -0.398476005, 0.720863998, 0.567073166), DesiredAngle = nil},
        ["Torso"] = {C0 = CFrame.new(-0.101169012, -0.573885977, -0.520708144, -0.907553971, 0.395208418, -0.141972288, 0.134169921, 0.593251467, 0.793757558, 0.39792496, 0.70132941, -0.59143281), DesiredAngle = nil},
        ["Right Leg"] = {C0 = CFrame.new(1.10374463, -1.35070062, -0.0423620306, 0.218151122, 0.398364127, 0.890907526, -0.651111066, 0.739423215, -0.171195164, -0.726955652, -0.542733252, 0.420685261), DesiredAngle = nil},
        ["Left Arm"] = {C0 = CFrame.new(-1.01067948, 0.746418238, 0.607798636, 0.0136528164, 0.427026749, -0.904135883, 0.606215239, 0.715552926, 0.347112417, 0.795183361, -0.552839994, -0.249100879), DesiredAngle = nil},
    }
},

{
    Time = 0.033,
    Motors = {
        ["Left Leg"] = {C0 = CFrame.new(-0.756610572, -0.396957338, -0.335633516, -0.270732164, -0.103771888, -0.957045197, -0.614045739, 0.784274459, 0.0886648968, 0.741385162, 0.611673951, -0.276049018), DesiredAngle = nil},
        ["Right Arm"] = {C0 = CFrame.new(1.05540991, 0.195738316, -0.185244173, -0.612914443, -0.0774080008, 0.786348403, 0.603458524, 0.596575856, 0.529088795, -0.510072231, 0.798814893, -0.31893748), DesiredAngle = nil},
        ["Head"] = {C0 = CFrame.new(0, 1.00902522, -2.75445075e-07, -0.959305108, -0.279244512, 0.0419062786, 0.124077678, -0.283550084, 0.950896442, -0.253650099, 0.917399466, 0.306659043), DesiredAngle = nil},
        ["Torso"] = {C0 = CFrame.new(-0.114844874, -0.478430301, -0.262731284, -0.959516287, 0.256576061, -0.116177626, -0.0162509605, 0.361364216, 0.932283163, 0.281183958, 0.896428823, -0.342565268), DesiredAngle = nil},
        ["Right Leg"] = {C0 = CFrame.new(1.02073836, -1.27547383, -0.160658896, 0.0312086344, 0.282559752, 0.958741903, -0.571213067, 0.792176783, -0.214875862, -0.820208371, -0.540939867, 0.186124548), DesiredAngle = nil},
        ["Left Arm"] = {C0 = CFrame.new(-0.977287054, 0.577078402, 0.181735903, -0.0338821448, 0.265098214, -0.963625968, 0.41543135, 0.880671978, 0.227670148, 0.908993304, -0.392606467, -0.13996914), DesiredAngle = nil},
    }
},

{
    Time = 0.033,
    Motors = {
        ["Left Leg"] = {C0 = CFrame.new(-0.564371467, 0.0206483603, -0.565320849, -0.402283758, -0.154171109, -0.902440667, -0.763957858, 0.599732697, 0.238094777, 0.504515767, 0.785208225, -0.359042913), DesiredAngle = nil},
        ["Right Arm"] = {C0 = CFrame.new(1.04739308, 0.00647139549, -0.230471998, -0.850943625, 0.02625072, 0.524600506, 0.516476691, 0.223667488, 0.826574028, -0.0956379324, 0.974311888, -0.20388633), DesiredAngle = nil},
        ["Head"] = {C0 = CFrame.new(0, 1.01457906, -3.33712364e-07, -0.903520882, -0.419759244, 0.0863255337, 0.238918424, -0.326169431, 0.914620936, -0.355763823, 0.847003877, 0.394989133), DesiredAngle = nil},
        ["Torso"] = {C0 = CFrame.new(-0.192283541, -0.779760301, -0.506816745, -0.903192163, 0.360812098, -0.232505023, 0.0128405839, 0.564140618, 0.825578868, 0.429044396, 0.742670834, -0.514160454), DesiredAngle = nil},
        ["Right Leg"] = {C0 = CFrame.new(1.13975072, -1.48848438, -0.613550663, -0.117384665, 0.402183056, 0.908003092, -0.890211761, 0.362639695, -0.275709152, -0.440163523, -0.840679109, 0.315459728), DesiredAngle = nil},
        ["Left Arm"] = {C0 = CFrame.new(-0.954250813, 0.434709549, 0.018870743, -0.07314834, 0.476502627, -0.87612474, 0.599324048, 0.723168492, 0.343275458, 0.797157407, -0.499972612, -0.338478088), DesiredAngle = nil},
    }
},

{
    Time = 0.034,
    Motors = {
        ["Left Leg"] = {C0 = CFrame.new(-0.582047582, 0.0568981171, -0.498946011, -0.39101541, -0.0165832937, -0.92023468, -0.671578109, 0.688827515, 0.272946, 0.629356623, 0.724735558, -0.280479133), DesiredAngle = nil},
        ["Right Arm"] = {C0 = CFrame.new(1.00762391, -0.048127234, -0.141552016, -0.890343845, -0.117348939, 0.439905733, 0.396555513, 0.274808824, 0.875913143, -0.223677456, 0.954310894, -0.198139012), DesiredAngle = nil},
        ["Head"] = {C0 = CFrame.new(0, 1.01666164, 0, -0.921324134, -0.37026304, 0.118604839, 0.233331531, -0.282553732, 0.930440664, -0.310995519, 0.884911656, 0.346717596), DesiredAngle = nil},
        ["Torso"] = {C0 = CFrame.new(-0.186080694, -0.79336673, -0.664277196, -0.919936359, 0.315050393, -0.233367205, 0.0203271732, 0.632747233, 0.774091482, 0.391540319, 0.707371235, -0.588491261), DesiredAngle = nil},
        ["Right Leg"] = {C0 = CFrame.new(1.32747054, -1.00005555, -1.07653451, -0.0809011757, 0.353221059, 0.932035327, -0.898091316, 0.37974444, -0.221869648, -0.432304263, -0.855002403, 0.286502987), DesiredAngle = nil},
        ["Left Arm"] = {C0 = CFrame.new(-0.944610298, 0.239728153, -0.289027244, -0.254439265, 0.600796521, -0.757828653, 0.519570887, 0.745843291, 0.416849911, 0.815663397, -0.287682682, -0.50192821), DesiredAngle = nil},
    }
},

{
    Time = 0.033,
    Motors = {
        ["Left Leg"] = {C0 = CFrame.new(-0.682780802, -0.188901186, -0.37318325, -0.245304734, 0.119698353, -0.962028027, -0.496353626, 0.83690697, 0.230694205, 0.832741678, 0.534096479, -0.145884514), DesiredAngle = nil},
        ["Right Arm"] = {C0 = CFrame.new(0.984198391, -0.0176759362, 0.0418477207, -0.776903868, -0.370049655, 0.509395301, 0.300063461, 0.493651152, 0.81625396, -0.553518057, 0.787001729, -0.272481084), DesiredAngle = nil},
        ["Head"] = {C0 = CFrame.new(0, 1.016662, -4.54646574e-13, -0.96750772, -0.23028411, 0.104393974, 0.165709689, -0.26567626, 0.949713886, -0.190969035, 0.936154544, 0.295204103), DesiredAngle = nil},
        ["Torso"] = {C0 = CFrame.new(-0.1362212, -0.672154844, -0.723352849, -0.965630889, 0.198994666, -0.167206913, -0.00332576782, 0.633795679, 0.773493409, 0.25989607, 0.747465193, -0.611350834), DesiredAngle = nil},
        ["Right Leg"] = {C0 = CFrame.new(1.28107715, 0.00791358948, -0.910404742, 0.0629973114, 0.210471153, 0.975568175, -0.56172657, 0.815450847, -0.139653623, -0.824920952, -0.539204717, 0.16959846), DesiredAngle = nil},
        ["Left Arm"] = {C0 = CFrame.new(-0.946009517, 0.169906378, -0.46406132, -0.511819363, 0.569474757, -0.643225729, 0.267999023, 0.817201078, 0.510253727, 0.816221416, 0.0887738764, -0.570878029), DesiredAngle = nil},
    }
},

{
    Time = 0.034,
    Motors = {
        ["Left Leg"] = {C0 = CFrame.new(-0.807100654, -0.633706093, 0.0343570895, -0.0496072434, 0.143443748, -0.988414407, -0.44960323, 0.880484581, 0.15034543, 0.891849756, 0.45185253, 0.0208143704), DesiredAngle = nil},
        ["Right Arm"] = {C0 = CFrame.new(0.997864127, 0.0903841853, 0.35596171, -0.528895855, -0.541919887, 0.653140128, 0.140663058, 0.702970624, 0.697170198, -0.836948633, 0.460603088, -0.295570135), DesiredAngle = nil},
        ["Head"] = {C0 = CFrame.new(0, 1.016662, -5.08513551e-07, -0.9973647, -0.0388338119, 0.0612825155, 0.0704880208, -0.318688631, 0.945234895, -0.0171770323, 0.947063625, 0.320586145), DesiredAngle = nil},
        ["Torso"] = {C0 = CFrame.new(-0.0654475093, -0.532392144, -0.763619781, -0.996763229, 0.0294965357, -0.0747861713, -0.0395167768, 0.630350649, 0.775304139, 0.070010297, 0.775749981, -0.627144754), DesiredAngle = nil},
        ["Right Leg"] = {C0 = CFrame.new(1.04828644, 0.413715839, -0.59462744, 0.00707963575, 0.0443229415, 0.998992145, -0.132827342, 0.990206361, -0.0429918207, -0.991113901, -0.132389098, 0.0128975855), DesiredAngle = nil},
        ["Left Arm"] = {C0 = CFrame.new(-0.984732389, 0.206176937, -0.529720068, -0.787898302, 0.329945683, -0.519953907, -0.103845075, 0.761067033, 0.640307069, 0.606986344, 0.558491528, -0.565380216), DesiredAngle = nil},
    }
},

{
    Time = 0.034,
    Motors = {
        ["Left Leg"] = {C0 = CFrame.new(-0.860022664, -0.957288802, 0.484127373, 0.161803767, 0.0640283525, -0.984743595, -0.349952549, 0.93676126, 0.00340764783, 0.922687829, 0.344062179, 0.173978373), DesiredAngle = nil},
        ["Right Arm"] = {C0 = CFrame.new(1.0295316, 0.319324642, 0.619991004, -0.245662943, -0.550106525, 0.798143089, -0.113372296, 0.834029675, 0.539945483, -0.962702632, 0.0421573073, -0.267257035), DesiredAngle = nil},
        ["Head"] = {C0 = CFrame.new(0, 1.01666212, -3.81385519e-07, -0.982804, 0.178037584, 0.0489780456, -0.030593425, -0.418580085, 0.907664478, 0.182099611, 0.890557885, 0.41682896), DesiredAngle = nil},
        ["Torso"] = {C0 = CFrame.new(0.00958568044, -0.432519853, -0.772801042, -0.985879779, -0.165855467, 0.0230855867, -0.0857461095, 0.618422449, 0.781153798, -0.143835276, 0.76814425, -0.623911679), DesiredAngle = nil},
        ["Right Leg"] = {C0 = CFrame.new(0.856755316, 0.456489801, -0.508700669, -0.173616573, -0.0142999478, 0.984709501, 0.188907444, 0.980842948, 0.0475505702, -0.966525316, 0.194274515, -0.167589232), DesiredAngle = nil},
        ["Left Arm"] = {C0 = CFrame.new(-1.06560445, 0.259504914, -0.541947067, -0.887886524, -0.0528937876, -0.457011819, -0.420981914, 0.494067371, 0.760704756, 0.185558051, 0.86781323, -0.460943073), DesiredAngle = nil},
    }
},

{
    Time = 0.033,
    Motors = {
        ["Left Leg"] = {C0 = CFrame.new(-1.03171742, -1.08885586, 0.225779951, 0.291003525, -0.175434217, -0.940499783, 0.172998413, 0.976487935, -0.12861912, 0.940950871, -0.125276342, 0.314511299), DesiredAngle = nil},
        ["Right Arm"] = {C0 = CFrame.new(1.03171206, 0.561184287, 0.63983202, -0.0706018358, -0.485893458, 0.871161759, -0.401964664, 0.813151717, 0.420961589, -0.912929177, -0.320455611, -0.252722025), DesiredAngle = nil},
        ["Head"] = {C0 = CFrame.new(0, 1.01666164, -5.08514006e-07, -0.940967023, 0.326541007, 0.089174211, -0.0944135785, -0.506168425, 0.857251167, 0.325064838, 0.79822582, 0.507117689), DesiredAngle = nil},
        ["Torso"] = {C0 = CFrame.new(0.0554923788, -0.440495163, -0.704216361, -0.947891414, -0.307411522, 0.0836663693, -0.125816017, 0.602460325, 0.78816998, -0.292698175, 0.736572981, -0.609744251), DesiredAngle = nil},
        ["Right Leg"] = {C0 = CFrame.new(0.825117409, 0.391042471, -0.28273648, -0.296827704, 0.104801573, 0.949162781, 0.602413535, 0.791772485, 0.100966893, -0.740939438, 0.601758242, -0.298153907), DesiredAngle = nil},
        ["Left Arm"] = {C0 = CFrame.new(-1.11844289, 0.223664492, -0.525903165, -0.838951826, -0.296794772, -0.456149668, -0.521284461, 0.197570801, 0.830197692, -0.156276524, 0.93427968, -0.320466995), DesiredAngle = nil},
    }
},

{
    Time = 0.033,
    Motors = {
        ["Left Leg"] = {C0 = CFrame.new(-1.05478942, -1.29789317, 0.0407099389, 0.263685673, -0.352570742, -0.897866249, 0.577034891, 0.803550839, -0.146071523, 0.772981703, -0.479583204, 0.41533044), DesiredAngle = nil},
        ["Right Arm"] = {C0 = CFrame.new(1.01663721, 0.763203979, 0.621063828, 0.0162978396, -0.423357904, 0.905815899, -0.626751482, 0.701536655, 0.339159191, -0.779048741, -0.573249042, -0.253906637), DesiredAngle = nil},
        ["Head"] = {C0 = CFrame.new(0, 1.016662, -5.08514006e-07, -0.898439467, 0.416694522, 0.138463363, -0.13806425, -0.567424238, 0.811768413, 0.416826904, 0.710207939, 0.567326963), DesiredAngle = nil},
        ["Torso"] = {C0 = CFrame.new(0.0867382586, -0.537739515, -0.501515567, -0.908391833, -0.399073064, 0.124759868, -0.149571851, 0.588789403, 0.794326961, -0.390451789, 0.702899516, -0.594541609), DesiredAngle = nil},
        ["Right Leg"] = {C0 = CFrame.new(0.889718533, -0.165823936, -0.244751304, -0.213866681, 0.350274324, 0.911904156, 0.960938454, 0.243304521, 0.131910145, -0.175665632, 0.904494882, -0.388626784), DesiredAngle = nil},
        ["Left Arm"] = {C0 = CFrame.new(-1.14029622, 0.0922626555, -0.468496114, -0.776332438, -0.414498359, -0.474867493, -0.514035344, -0.0196793079, 0.85754323, -0.364795327, 0.909837246, -0.197789133), DesiredAngle = nil},
    }
},

{
    Time = 0.033,
    Motors = {
        ["Left Leg"] = {C0 = CFrame.new(-0.934194088, -1.05510283, 0.231864005, 0.24614498, -0.38763237, -0.888343334, 0.613159716, 0.772102118, -0.167013764, 0.75063163, -0.503586709, 0.427729577), DesiredAngle = nil},
        ["Right Arm"] = {C0 = CFrame.new(0.993992805, 0.835749745, 0.583334744, 0.0383034945, -0.401756614, 0.914945006, -0.699481845, 0.643105328, 0.31167385, -0.713623047, -0.651925683, -0.256388307), DesiredAngle = nil},
        ["Head"] = {C0 = CFrame.new(0, 1.01666188, -5.08514006e-07, -0.873403966, 0.467336655, 0.136974171, -0.183515117, -0.576367795, 0.796317995, 0.451096058, 0.67037046, 0.58916527), DesiredAngle = nil},
        ["Torso"] = {C0 = CFrame.new(0.122975603, -0.677034974, -0.390126795, -0.884905756, -0.433762342, 0.169682458, -0.13568075, 0.588567436, 0.796981275, -0.445570022, 0.682230651, -0.579679906), DesiredAngle = nil},
        ["Right Leg"] = {C0 = CFrame.new(0.902446985, -0.570510924, -0.368574262, -0.115392089, 0.447258532, 0.886929929, 0.980855405, -0.0897029191, 0.172847226, 0.156867579, 0.889895141, -0.428344905), DesiredAngle = nil},
        ["Left Arm"] = {C0 = CFrame.new(-1.1433171, -0.0175030231, -0.406001717, -0.769785404, -0.426802039, -0.474626362, -0.482715249, -0.097255677, 0.870360374, -0.417631775, 0.899100184, -0.131157935), DesiredAngle = nil},
    }
},

{
    Time = 0.034,
    Motors = {
        ["Left Leg"] = {C0 = CFrame.new(-0.933299482, -1.01346564, 0.221037686, 0.165459737, -0.441872001, -0.881687105, 0.680513203, 0.698226154, -0.2222206, 0.713810086, -0.56323117, 0.416228056), DesiredAngle = nil},
        ["Right Arm"] = {C0 = CFrame.new(0.973973811, 0.790599346, 0.513166785, 0.0401424393, -0.415510327, 0.908702254, -0.700693071, 0.636636794, 0.322060078, -0.712332606, -0.64964968, -0.265589088), DesiredAngle = nil},
        ["Head"] = {C0 = CFrame.new(0, 1.01666141, -5.08514006e-07, -0.862568796, 0.500263989, 0.0755713135, -0.237999037, -0.533018529, 0.811940789, 0.446465641, 0.682368875, 0.578827441), DesiredAngle = nil},
        ["Torso"] = {C0 = CFrame.new(0.169433072, -0.800038457, -0.411898494, -0.874402821, -0.429630518, 0.225471407, -0.0930261686, 0.604522407, 0.791137695, -0.476199389, 0.670798242, -0.568562925), DesiredAngle = nil},
        ["Right Leg"] = {C0 = CFrame.new(0.815495491, -0.540342212, -0.535160363, -0.175563186, 0.450749367, 0.875215769, 0.971667707, -0.0635590255, 0.227644771, 0.15823859, 0.890384853, -0.42681995), DesiredAngle = nil},
        ["Left Arm"] = {C0 = CFrame.new(-1.13382924, -0.057110846, -0.370675474, -0.797557294, -0.390906006, -0.459450364, -0.458125472, -0.103008986, 0.882898688, -0.392457962, 0.914648294, -0.0969285369), DesiredAngle = nil},
    }
},

{
    Time = 0.033,
    Motors = {
        ["Left Leg"] = {C0 = CFrame.new(-1.01735759, -1.36381173, -0.248237938, -0.0579975694, -0.475191057, -0.877969146, 0.867916584, 0.410574466, -0.279552341, 0.493312478, -0.778217316, 0.38861382), DesiredAngle = nil},
        ["Right Arm"] = {C0 = CFrame.new(0.955131531, 0.633695364, 0.319601595, 0.0239068121, -0.468811989, 0.882974386, -0.703915656, 0.619271398, 0.347858608, -0.709881067, -0.629855692, -0.315199316), DesiredAngle = nil},
        ["Head"] = {C0 = CFrame.new(0, 1.016662, 0, -0.854898274, 0.517868042, -0.0310112685, -0.292025685, -0.430948168, 0.853817761, 0.428800702, 0.738983393, 0.519647598), DesiredAngle = nil},
        ["Torso"] = {C0 = CFrame.new(0.218720868, -0.902267098, -0.490292013, -0.865557015, -0.413329333, 0.282789469, -0.0451538712, 0.626772046, 0.777893305, -0.498770624, 0.660541952, -0.56117034), DesiredAngle = nil},
        ["Right Leg"] = {C0 = CFrame.new(0.529919386, 0.141157985, -0.632089794, -0.402774334, 0.295201063, 0.86638844, 0.887174785, 0.358753681, 0.290200949, -0.225152433, 0.885523617, -0.40639174), DesiredAngle = nil},
        ["Left Arm"] = {C0 = CFrame.new(-1.10066354, -0.0684033632, -0.331878364, -0.850579619, -0.293092251, -0.436590195, -0.438093305, -0.0642366111, 0.89663136, -0.290840805, 0.953923702, -0.0737634599), DesiredAngle = nil},
    }
},

{
    Time = 0.033,
    Motors = {
        ["Left Leg"] = {C0 = CFrame.new(-1.14662099, -1.45219707, -0.688111186, -0.146296203, -0.427723646, -0.891992092, 0.927241385, 0.25490731, -0.274309397, 0.344703913, -0.867222369, 0.359311104), DesiredAngle = nil},
        ["Right Arm"] = {C0 = CFrame.new(0.947418571, 0.431141794, 0.0327643007, -0.0528304279, -0.548703194, 0.834346354, -0.676983118, 0.63388741, 0.374006212, -0.734100044, -0.54507947, -0.404951334), DesiredAngle = nil},
        ["Head"] = {C0 = CFrame.new(0, 1.01666141, -3.81383018e-07, -0.867094278, 0.48900488, -0.0949827582, -0.286643326, -0.333848387, 0.897987127, 0.407410234, 0.805865645, 0.429648012), DesiredAngle = nil},
        ["Torso"] = {C0 = CFrame.new(0.220386967, -0.891321719, -0.571083665, -0.875275552, -0.393811792, 0.280722201, -0.0351432413, 0.630711794, 0.775220931, -0.482345968, 0.668666482, -0.565886497), DesiredAngle = nil},
        ["Right Leg"] = {C0 = CFrame.new(0.448124051, 0.182773709, -0.63427186, -0.447161615, 0.177244753, 0.876715899, 0.811345875, 0.49297455, 0.314156026, -0.376516134, 0.851798356, -0.36424607), DesiredAngle = nil},
        ["Left Arm"] = {C0 = CFrame.new(-1.05479634, -0.0638843775, -0.271287262, -0.899719775, -0.119521499, -0.419784397, -0.428824842, 0.0628618896, 0.90119791, -0.0813240856, 0.990839541, -0.107811868), DesiredAngle = nil},
    }
},

{
    Time = 0.033,
    Motors = {
        ["Left Leg"] = {C0 = CFrame.new(-1.31409931, -0.964028895, -1.07660449, -0.078826353, -0.345880747, -0.934961319, 0.890153468, 0.397804171, -0.222212791, 0.448790699, -0.849775374, 0.276529491), DesiredAngle = nil},
        ["Right Arm"] = {C0 = CFrame.new(0.94414556, 0.243084848, -0.281779945, -0.258716643, -0.617150784, 0.743095219, -0.521290421, 0.736851335, 0.430472225, -0.813216984, -0.275998116, -0.512350559), DesiredAngle = nil},
        ["Head"] = {C0 = CFrame.new(0, 1.016662, -1.27132139e-07, -0.914804399, 0.384006202, -0.12518838, -0.24097243, -0.270166665, 0.932170749, 0.324137628, 0.882920802, 0.339684576), DesiredAngle = nil},
        ["Torso"] = {C0 = CFrame.new(0.189531386, -0.79335928, -0.650209188, -0.919459403, -0.313132107, 0.237786889, -0.0153450742, 0.632888675, 0.774090707, -0.392885268, 0.708096147, -0.586720467), DesiredAngle = nil},
        ["Right Leg"] = {C0 = CFrame.new(0.387410045, 0.0749744177, -0.45804143, -0.399600804, -0.0842451602, 0.912809908, 0.651461959, 0.674451411, 0.347437084, -0.644915819, 0.733497143, -0.214628801), DesiredAngle = nil},
        ["Left Arm"] = {C0 = CFrame.new(-1.00754964, -0.0478008389, -0.148082674, -0.887134433, 0.14042604, -0.439628452, -0.389110267, 0.284639984, 0.8761127, 0.248164862, 0.948293626, -0.197872639), DesiredAngle = nil},
    }
},

{
    Time = 0.033,
    Motors = {
        ["Left Leg"] = {C0 = CFrame.new(-1.25502467, 0.0988965034, -0.830153763, 0.0619390346, -0.191000402, -0.979633808, 0.484591812, 0.863821208, -0.137781113, 0.872544706, -0.46618852, 0.146061495), DesiredAngle = nil},
        ["Right Arm"] = {C0 = CFrame.new(0.949005783, 0.17274943, -0.474765837, -0.550390184, -0.548725188, 0.629262447, -0.223088384, 0.822942793, 0.522490799, -0.804550886, 0.147192657, -0.57535392), DesiredAngle = nil},
        ["Head"] = {C0 = CFrame.new(0, 1.01666141, -5.08514006e-07, -0.968875945, 0.223133102, -0.107195914, -0.166136384, -0.265090913, 0.949802876, 0.183515802, 0.93805033, 0.293910772), DesiredAngle = nil},
        ["Torso"] = {C0 = CFrame.new(0.134680226, -0.653456867, -0.716618776, -0.970492482, -0.176040128, 0.16478546, 0.016702041, 0.632667482, 0.774243474, -0.240552321, 0.754149675, -0.611058772), DesiredAngle = nil},
        ["Right Leg"] = {C0 = CFrame.new(0.520376921, -0.341408968, -0.134221867, -0.228520691, -0.221895114, 0.947913945, 0.562417388, 0.764671266, 0.314586401, -0.794647694, 0.605012774, -0.0499455333), DesiredAngle = nil},
        ["Left Arm"] = {C0 = CFrame.new(-0.984771907, -0.00777739286, 0.0801121518, -0.752569437, 0.397296578, -0.525161624, -0.285028875, 0.522394061, 0.803656101, 0.593631148, 0.754493177, -0.279896855), DesiredAngle = nil},
    }
},

{
    Time = 0.034,
    Motors = {
        ["Left Leg"] = {C0 = CFrame.new(-1.03083324, 0.424355507, -0.565836668, -0.0140165677, -0.0396043248, -0.999117136, 0.0896813869, 0.995138347, -0.0407047532, 0.995871842, -0.0901727527, -0.010396638), DesiredAngle = nil},
        ["Right Arm"] = {C0 = CFrame.new(0.993597507, 0.214221358, -0.532943726, -0.803830266, -0.285393268, 0.521926761, 0.140972778, 0.761008382, 0.633239985, -0.577913046, 0.582594931, -0.571488857), DesiredAngle = nil},
        ["Head"] = {C0 = CFrame.new(0, 1.016662, 0, -0.997229576, 0.0326051824, -0.0668584034, -0.0738432929, -0.325645059, 0.942604065, 0.00896165892, 0.944929719, 0.327150553), DesiredAngle = nil},
        ["Torso"] = {C0 = CFrame.new(0.0652520806, -0.517305613, -0.758788645, -0.997250438, -0.00546435267, 0.0739037171, 0.0541395582, 0.627251446, 0.776932776, -0.05060165, 0.778797626, -0.625230968), DesiredAngle = nil},
        ["Right Leg"] = {C0 = CFrame.new(0.698800087, -0.84989655, 0.387585044, -0.0606190264, -0.205826819, 0.976709068, 0.594608605, 0.77849561, 0.200960428, -0.801726818, 0.592941701, 0.0751947612), DesiredAngle = nil},
        ["Left Arm"] = {C0 = CFrame.new(-1.00212121, 0.113038987, 0.395357907, -0.511433423, 0.542751312, -0.666225851, -0.123031259, 0.721056402, 0.681865811, 0.850469947, 0.430695593, -0.301996976), DesiredAngle = nil},
    }
},

{
    Time = 0.034,
    Motors = {
        ["Left Leg"] = {C0 = CFrame.new(-0.854094803, 0.462928534, -0.516425848, -0.1734045, 0.0147234015, -0.984740615, -0.179734692, 0.982622981, 0.0463414975, 0.968311071, 0.185027882, -0.167744949), DesiredAngle = nil},
        ["Right Arm"] = {C0 = CFrame.new(1.06573808, 0.259935111, -0.542120039, -0.88793236, 0.0568668544, 0.456445277, 0.419764847, 0.50593251, 0.753544807, -0.188078806, 0.860696435, -0.473104537), DesiredAngle = nil},
        ["Head"] = {C0 = CFrame.new(0, 1.016662, -5.08514006e-07, -0.985904098, -0.159036145, -0.0519679151, 0.0196169876, -0.41834119, 0.908078074, -0.166157559, 0.89425844, 0.41556409), DesiredAngle = nil},
        ["Torso"] = {C0 = CFrame.new(-0.00554250088, -0.432017803, -0.771650732, -0.985925615, 0.16619435, -0.0181666315, 0.0896109268, 0.617062449, 0.781795204, 0.141139895, 0.769164026, -0.623270512), DesiredAngle = nil},
        ["Right Leg"] = {C0 = CFrame.new(0.822066844, -0.989119887, 0.546061993, 0.155480593, -0.0896162391, 0.983765602, 0.388298035, 0.921257854, 0.0225529782, -0.908322871, 0.378487706, 0.178035527), DesiredAngle = nil},
        ["Left Arm"] = {C0 = CFrame.new(-1.02956128, 0.319310635, 0.620465934, -0.251457632, 0.549944639, -0.79644829, 0.112520903, 0.833919883, 0.540293097, 0.961305439, 0.0462437831, -0.271575809), DesiredAngle = nil},
    }
},

{
    Time = 0.033,
    Motors = {
        ["Left Leg"] = {C0 = CFrame.new(-0.801553488, 0.430371642, -0.329029143, -0.297266126, -0.0691093132, -0.952290297, -0.536803484, 0.836916387, 0.106831677, 0.789604247, 0.542950153, -0.285885036), DesiredAngle = nil},
        ["Right Arm"] = {C0 = CFrame.new(1.11409211, 0.23182714, -0.527168691, -0.849149227, 0.263636082, 0.457648098, 0.514726341, 0.218951032, 0.828925371, 0.11833214, 0.93944484, -0.321622491), DesiredAngle = nil},
        ["Head"] = {C0 = CFrame.new(0, 1.01666141, -1.81858955e-12, -0.951003313, -0.300277054, -0.0736642331, 0.0902696699, -0.49753812, 0.86273241, -0.295709491, 0.813811719, 0.500266314), DesiredAngle = nil},
        ["Torso"] = {C0 = CFrame.new(-0.0589781627, -0.443716139, -0.727033436, -0.951873183, 0.293767691, -0.0873951316, 0.114921689, 0.606437683, 0.786782265, 0.284130931, 0.738873363, -0.611012101), DesiredAngle = nil},
        ["Right Leg"] = {C0 = CFrame.new(1.04236233, -1.04013538, 0.250073195, 0.282312393, 0.172744125, 0.943641484, -0.132168889, 0.981277466, -0.140092403, -0.950174272, -0.0851702392, 0.299858212), DesiredAngle = nil},
        ["Left Arm"] = {C0 = CFrame.new(-1.03114831, 0.532078266, 0.63793838, -0.0824676156, 0.492974192, -0.866126776, 0.363665432, 0.824043632, 0.434395581, 0.927872062, -0.279156774, -0.247234583), DesiredAngle = nil},
    }
},

{
    Time = 0.034,
    Motors = {
        ["Left Leg"] = {C0 = CFrame.new(-0.861633182, -0.0376950502, -0.249310836, -0.259060651, -0.324012578, -0.909892082, -0.933067977, 0.327347159, 0.149090916, 0.249543235, 0.887614667, -0.387128502), DesiredAngle = nil},
        ["Right Arm"] = {C0 = CFrame.new(1.13869429, 0.0834622383, -0.457060277, -0.790748, 0.390483797, 0.471423596, 0.506938279, -0.0139447451, 0.861869633, 0.343119919, 0.920504272, -0.186924338), DesiredAngle = nil},
        ["Head"] = {C0 = CFrame.new(0, 1.016662, -5.08514006e-07, -0.905512631, -0.407501459, -0.118277386, 0.145821229, -0.560622633, 0.815130949, -0.398476005, 0.720863998, 0.567073166), DesiredAngle = nil},
        ["Torso"] = {C0 = CFrame.new(-0.101169012, -0.573885977, -0.520708144, -0.907553971, 0.395208418, -0.141972288, 0.134169921, 0.593251467, 0.793757558, 0.39792496, 0.70132941, -0.59143281), DesiredAngle = nil},
        ["Right Leg"] = {C0 = CFrame.new(1.10374463, -1.35070062, -0.0423620306, 0.218151122, 0.398364127, 0.890907526, -0.651111066, 0.739423215, -0.171195164, -0.726955652, -0.542733252, 0.420685261), DesiredAngle = nil},
        ["Left Arm"] = {C0 = CFrame.new(-1.01067948, 0.746418238, 0.607798636, 0.0136528164, 0.427026749, -0.904135883, 0.606215239, 0.715552926, 0.347112417, 0.795183361, -0.552839994, -0.249100879), DesiredAngle = nil},
    }
},




}
return keyFrames
