
local keyFrames = {
 
    {
        Time = 0.067,
        Motors = {
            ["Left Leg"] = {C0 = CFrame.new(-0.899936318, -0.485822558, -0.939145327, -0.0637639612, 0.043992456, -0.996994913, -0.329350471, 0.942128003, 0.0626354367, 0.942052305, 0.332354605, -0.0455848873), DesiredAngle = nil},
            ["Right Arm"] = {C0 = CFrame.new(0.984595418, 0.339318097, -0.0390488207, -0.276246071, -0.0959557518, 0.956284761, 0.488170385, 0.843081713, 0.225616574, -0.827875435, 0.529155612, -0.186055258), DesiredAngle = nil},
            ["Head"] = {C0 = CFrame.new(0, 1.01666152, -5.08517644e-07, -0.997648656, -0.0593136773, 0.0343370251, 0.0465979092, -0.219646901, 0.974465907, -0.050257124, 0.973774672, 0.221894324), DesiredAngle = nil},
            ["Torso"] = {C0 = CFrame.new(-0.0371830724, -0.251571625, -0.38335529, -0.997678518, 0.0509501025, -0.0451847613, -0.0214029923, 0.395291507, 0.918306351, 0.0646489561, 0.917141557, -0.393283367), DesiredAngle = nil},
            ["Right Leg"] = {C0 = CFrame.new(1.02162623, -1.02218747, -0.736372709, 0.00689830817, 0.0650391355, 0.997858882, -0.674109042, 0.737355709, -0.0433996916, -0.738599658, -0.672366321, 0.0489299819), DesiredAngle = nil},
            ["Left Arm"] = {C0 = CFrame.new(-0.933587968, 0.462332964, 0.127279818, 0.217738822, 0.0758487508, -0.973055363, 0.102788314, 0.989649415, 0.100142993, 0.970579386, -0.121823743, 0.207688734), DesiredAngle = nil},
        }
    },
    
    {
        Time = 0.067,
        Motors = {
            ["Left Leg"] = {C0 = CFrame.new(-0.952098608, -0.855578184, -0.348585755, -0.0197381377, 0.0161806531, -0.999674261, -0.251888603, 0.967536271, 0.0206338987, 0.967554927, 0.252213806, -0.0150216455), DesiredAngle = nil},
            ["Right Arm"] = {C0 = CFrame.new(0.958767593, 0.32567066, 0.221430182, -0.0833274424, -0.136181802, 0.987173259, 0.369745523, 0.915681481, 0.157529712, -0.925388992, 0.378129452, -0.0259487759), DesiredAngle = nil},
            ["Head"] = {C0 = CFrame.new(0, 1.01666212, 0, -0.999929368, -0.0116810547, 0.00218712771, 0.00247382605, -0.0245859008, 0.999694645, -0.0116237151, 0.999629498, 0.0246130619), DesiredAngle = nil},
            ["Torso"] = {C0 = CFrame.new(-0.00132882968, -0.175188079, -0.301559776, -0.999813795, 0.0192277804, -0.00164940103, 0.00437751831, 0.309201747, 0.950986385, 0.0187953562, 0.950802088, -0.309228331), DesiredAngle = nil},
            ["Right Leg"] = {C0 = CFrame.new(0.985409796, -1.09392977, -1.19242394, 0.0085991919, 0.000466039171, 0.999963045, -0.886307836, 0.463037401, 0.00740601309, -0.463016778, -0.886338711, 0.00439480087), DesiredAngle = nil},
            ["Left Arm"] = {C0 = CFrame.new(-0.953973889, 0.46229884, -0.131937012, 0.0238916762, 0.114517741, -0.993133843, -0.0613366328, 0.991713762, 0.112878419, 0.997831166, 0.0582186244, 0.0307178572), DesiredAngle = nil},
        }
    },
    
    {
        Time = 0.067,
        Motors = {
            ["Left Leg"] = {C0 = CFrame.new(-0.968828201, -0.996501565, 0.159447044, 0.0240130834, -0.0274755266, -0.999334037, -0.062991485, 0.997594357, -0.0289413314, 0.997725129, 0.0636445135, 0.0222245827), DesiredAngle = nil},
            ["Right Arm"] = {C0 = CFrame.new(0.944744825, 0.351396143, 0.477968454, 0.129465953, -0.122146904, 0.984031856, 0.168038636, 0.980732918, 0.0996290892, -0.977241814, 0.15245679, 0.147496924), DesiredAngle = nil},
            ["Head"] = {C0 = CFrame.new(0, 1.01666152, -5.08517644e-07, -0.998621345, 0.0354504026, -0.0387134664, -0.037383426, 0.0374427214, 0.998599291, 0.0368502773, 0.998669803, -0.0360658467), DesiredAngle = nil},
            ["Torso"] = {C0 = CFrame.new(0.0313241407, -0.0986474827, -0.201402262, -0.99904114, -0.0216328725, 0.0380633064, 0.0326484554, 0.211130798, 0.976912439, -0.0291697569, 0.97721839, -0.210222065), DesiredAngle = nil},
            ["Right Leg"] = {C0 = CFrame.new(0.876242399, -0.373485327, -1.37264287, 0.00166776404, -0.0813452303, 0.996684551, -0.642050147, 0.764034033, 0.0634316057, -0.76666081, -0.640027285, -0.0509534962), DesiredAngle = nil},
            ["Left Arm"] = {C0 = CFrame.new(-0.983878911, 0.48350361, -0.28250283, -0.189782426, 0.10786251, -0.975883365, -0.232761964, 0.960669398, 0.15144676, 0.953836679, 0.255890459, -0.157211855), DesiredAngle = nil},
        }
    },
    
    {
        Time = 0.067,
        Motors = {
            ["Left Leg"] = {C0 = CFrame.new(-0.975959599, -0.975735307, 0.264668673, 0.0448074751, -0.0781016052, -0.995937943, 0.210744515, 0.975242615, -0.0669972301, 0.976513743, -0.206886485, 0.060157638), DesiredAngle = nil},
            ["Right Arm"] = {C0 = CFrame.new(0.934475064, 0.419957638, 0.550300002, 0.291819036, -0.0637366995, 0.954347551, -0.0674564317, 0.99392128, 0.0870063975, -0.954091847, -0.0897670165, 0.28574568), DesiredAngle = nil},
            ["Head"] = {C0 = CFrame.new(0, 1.01666152, -5.08515825e-07, -0.994399309, 0.0861689597, -0.0611961223, -0.0673298836, -0.0701731071, 0.99526, 0.081466198, 0.993806124, 0.0755818263), DesiredAngle = nil},
            ["Torso"] = {C0 = CFrame.new(0.0542404242, -0.0790170729, -0.157864958, -0.996020973, -0.0600534305, 0.0658466741, 0.0538673587, 0.182926461, 0.981649756, -0.0709965304, 0.981290758, -0.178963676), DesiredAngle = nil},
            ["Right Leg"] = {C0 = CFrame.new(0.844256282, -0.0224145651, -0.989456236, -0.0642469078, -0.0848101452, 0.994323671, 0.0521168523, 0.994737327, 0.0882128701, -0.996572196, 0.0574884079, -0.0594887771), DesiredAngle = nil},
            ["Left Arm"] = {C0 = CFrame.new(-1.01030385, 0.503070652, -0.305686474, -0.352179676, 0.0645722598, -0.93370229, -0.393285692, 0.895055771, 0.210241541, 0.849291384, 0.441254556, -0.289825112), DesiredAngle = nil},
        }
    },
    
    {
        Time = 0.066,
        Motors = {
            ["Left Leg"] = {C0 = CFrame.new(-0.979188919, -0.957301378, 0.292835385, 0.0522237122, -0.106471077, -0.992943406, 0.303010643, 0.949113786, -0.085834533, 0.951555192, -0.296389818, 0.0818281025), DesiredAngle = nil},
            ["Right Arm"] = {C0 = CFrame.new(0.923113585, 0.468696147, 0.44478786, 0.364040226, -0.0156857781, 0.931251109, -0.230318606, 0.967288852, 0.106327832, -0.902456701, -0.253192067, 0.348519355), DesiredAngle = nil},
            ["Head"] = {C0 = CFrame.new(0, 1.01666212, -5.08514006e-07, -0.990870416, 0.121497892, -0.0584304594, -0.0857242718, -0.233293891, 0.9686203, 0.104053862, 0.964786112, 0.241579324), DesiredAngle = nil},
            ["Torso"] = {C0 = CFrame.new(0.0663931742, -0.129246965, -0.195470989, -0.993537426, -0.0798242241, 0.08069399, 0.0590874106, 0.243270874, 0.968156993, -0.0969128758, 0.966668189, -0.236982107), DesiredAngle = nil},
            ["Right Leg"] = {C0 = CFrame.new(0.876112938, -0.367097199, -0.857151806, -0.107949235, -0.0399871878, 0.993351877, 0.499316841, 0.861840904, 0.0889548361, -0.859668374, 0.505599916, -0.0730687901), DesiredAngle = nil},
            ["Left Arm"] = {C0 = CFrame.new(-1.02108538, 0.48280409, -0.284157574, -0.424450099, 0.0293129608, -0.904976726, -0.500329077, 0.825433791, 0.261399686, 0.754660785, 0.563737333, -0.335689306), DesiredAngle = nil},
        }
    },
    
    {
        Time = 0.066,
        Motors = {
            ["Left Leg"] = {C0 = CFrame.new(-0.978650868, -0.96169728, 0.261391491, 0.0559366867, -0.0973717272, -0.993674934, 0.214754939, 0.973111928, -0.0832675695, 0.975064814, -0.208738863, 0.0753437355), DesiredAngle = nil},
            ["Right Arm"] = {C0 = CFrame.new(0.922925949, 0.466580749, 0.360548794, 0.352806628, -0.0205109082, 0.935471416, -0.225814059, 0.9683429, 0.10639587, -0.908039331, -0.248779759, 0.337006152), DesiredAngle = nil},
            ["Head"] = {C0 = CFrame.new(0, 1.01666152, -5.08517644e-07, -0.991604209, 0.118491694, -0.051776655, -0.0869473591, -0.314588606, 0.945237637, 0.0957144648, 0.941803455, 0.322249949), DesiredAngle = nil},
            ["Torso"] = {C0 = CFrame.new(0.0657770261, -0.224765718, -0.324138194, -0.994107485, -0.0732157826, 0.0799356103, 0.048183322, 0.362106532, 0.93089056, -0.0971010774, 0.929256856, -0.356445044), DesiredAngle = nil},
            ["Right Leg"] = {C0 = CFrame.new(0.886731803, -0.485026658, -0.862288833, -0.107372858, -0.0340782106, 0.993634582, 0.584347844, 0.806407213, 0.090801999, -0.804368496, 0.590377927, -0.06667272), DesiredAngle = nil},
            ["Left Arm"] = {C0 = CFrame.new(-1.01547277, 0.421424419, -0.245824993, -0.414681286, 0.042662017, -0.908966124, -0.505340993, 0.819912255, 0.269024909, 0.75674963, 0.5708974, -0.318443388), DesiredAngle = nil},
        }
    },
    
    {
        Time = 0.067,
        Motors = {
            ["Left Leg"] = {C0 = CFrame.new(-1.01538408, -1.03283155, -0.641333342, 0.0102792308, -0.0744035691, -0.997175217, 0.61493969, 0.786833227, -0.0523700267, 0.788507164, -0.612664342, 0.0538417473), DesiredAngle = nil},
            ["Right Arm"] = {C0 = CFrame.new(0.930858552, 0.462247699, 0.190995514, 0.249256, -0.0651066005, 0.966246605, -0.130665451, 0.986353278, 0.100168303, -0.95958215, -0.151222616, 0.23734729), DesiredAngle = nil},
            ["Head"] = {C0 = CFrame.new(0, 1.01666212, -5.08512187e-07, -0.995380282, 0.0868449584, -0.040939346, -0.0599376857, -0.2289671, 0.971587121, 0.0750036761, 0.969552457, 0.23311463), DesiredAngle = nil},
            ["Torso"] = {C0 = CFrame.new(0.0457841419, -0.261646479, -0.392765731, -0.996818244, -0.0570850968, 0.0556300357, 0.0277424771, 0.405811667, 0.913535535, -0.0747245848, 0.912172198, -0.402936816), DesiredAngle = nil},
            ["Right Leg"] = {C0 = CFrame.new(0.889624059, -0.436292827, -0.975555956, -0.0751162693, -0.0466393977, 0.996083498, 0.374155849, 0.924604714, 0.0715082735, -0.924318612, 0.37806192, -0.0520024523), DesiredAngle = nil},
            ["Left Arm"] = {C0 = CFrame.new(-0.991367877, 0.353630662, -0.0878719687, -0.308120251, 0.0835128725, -0.947674811, -0.501808941, 0.832025766, 0.236476004, 0.808238685, 0.548414767, -0.214456499), DesiredAngle = nil},
        }
    },
    
    {
        Time = 0.067,
        Motors = {
            ["Left Leg"] = {C0 = CFrame.new(-0.98492986, -1.11486447, -1.21314359, 0.00310369441, -0.00986026414, -0.999946594, 0.887044966, 0.461679608, -0.00179926259, 0.461672664, -0.886992037, 0.0101794098), DesiredAngle = nil},
            ["Right Arm"] = {C0 = CFrame.new(0.953769207, 0.46229887, -0.11996147, 0.0271581877, -0.113972165, 0.993112683, 0.0589224733, 0.99193424, 0.1122256, -0.997893035, 0.0554688014, 0.0336546712), DesiredAngle = nil},
            ["Head"] = {C0 = CFrame.new(0, 1.01666152, 0, -0.999092042, 0.0408850014, -0.0119801294, -0.0140744373, -0.0513271131, 0.998582721, 0.0402121469, 0.997844636, 0.0518559404), DesiredAngle = nil},
            ["Torso"] = {C0 = CFrame.new(0.0115728658, -0.197089538, -0.326505452, -0.999485612, -0.0288545191, 0.0139959641, 0.00352550857, 0.334917367, 0.942240953, -0.031875398, 0.941805601, -0.334643364), DesiredAngle = nil},
            ["Right Leg"] = {C0 = CFrame.new(0.945178926, -0.805536509, -0.403776258, -0.0318977945, -0.0264995005, 0.999139786, 0.260252804, 0.964945138, 0.0339012221, -0.965013444, 0.261110276, -0.0238830484), DesiredAngle = nil},
            ["Left Arm"] = {C0 = CFrame.new(-0.959876418, 0.326711118, 0.215357512, -0.086810708, 0.134726495, -0.987072766, -0.371601462, 0.914924622, 0.157560378, 0.924324751, 0.38047564, -0.0293607153), DesiredAngle = nil},
        }
    },
    
    {
        Time = 0.067,
        Motors = {
            ["Left Leg"] = {C0 = CFrame.new(-0.88526988, -0.51865381, -1.46798921, 0.00779763982, 0.0726590306, -0.997326374, 0.705462635, 0.706452668, 0.0569834597, 0.708704233, -0.704020798, -0.0457495637), DesiredAngle = nil},
            ["Right Arm"] = {C0 = CFrame.new(0.981541812, 0.478863478, -0.288763404, -0.176026985, -0.10953597, 0.97827214, 0.219271988, 0.964458406, 0.147444293, -0.959653258, 0.240461826, -0.145752564), DesiredAngle = nil},
            ["Head"] = {C0 = CFrame.new(0, 1.01666212, -5.08517644e-07, -0.999531031, -0.00607388001, 0.0300153159, 0.0298818797, 0.0209820084, 0.999333203, -0.00669958629, 0.999761403, -0.0207906775), DesiredAngle = nil},
            ["Torso"] = {C0 = CFrame.new(-0.0233270004, -0.114243113, -0.224040687, -0.999540627, 0.0108358739, -0.0283031259, -0.0250152219, 0.232235119, 0.972337961, 0.017109111, 0.972599328, -0.231857374), DesiredAngle = nil},
            ["Right Leg"] = {C0 = CFrame.new(0.969567835, -0.992661715, 0.145772368, 0.0126262465, 0.0170752965, 0.999774456, 0.0724397525, 0.997211337, -0.0179463662, -0.997292876, 0.0726500079, 0.0113541065), DesiredAngle = nil},
            ["Left Arm"] = {C0 = CFrame.new(-0.944437683, 0.344589323, 0.467852682, 0.117018253, 0.127136394, -0.98495841, -0.187921956, 0.976689696, 0.103742979, 0.975188255, 0.172955498, 0.138182223), DesiredAngle = nil},
        }
    },
    
    {
        Time = 0.067,
        Motors = {
            ["Left Leg"] = {C0 = CFrame.new(-0.844096243, -0.146117389, -1.17780018, -0.0468055867, 0.0924479738, -0.994616807, 0.098320432, 0.99129945, 0.0875127688, 0.994053483, -0.0936950669, -0.0554878823), DesiredAngle = nil},
            ["Right Arm"] = {C0 = CFrame.new(1.00503254, 0.504196584, -0.308193982, -0.319405526, -0.0770175755, 0.944483161, 0.354146183, 0.914770305, 0.194359899, -0.878954232, 0.396564722, -0.264907211), DesiredAngle = nil},
            ["Head"] = {C0 = CFrame.new(0, 1.01666212, 0, -0.996662617, -0.0564722978, 0.0589453615, 0.0617648326, -0.0495543033, 0.996859848, -0.0533739813, 0.997173667, 0.0528769121), DesiredAngle = nil},
            ["Torso"] = {C0 = CFrame.new(-0.049517028, -0.0764801875, -0.160196453, -0.996860921, 0.0514775999, -0.0601523593, -0.0499792397, 0.180081889, 0.982381046, 0.0614029802, 0.982303679, -0.176943794), DesiredAngle = nil},
            ["Right Leg"] = {C0 = CFrame.new(0.97630173, -0.976906061, 0.253860593, 0.0377570391, 0.0694767684, 0.996868789, -0.21024245, 0.975803614, -0.0600455739, -0.976919949, -0.207316995, 0.0514504015), DesiredAngle = nil},
            ["Left Arm"] = {C0 = CFrame.new(-0.937596917, 0.40236932, 0.558983743, 0.258798242, 0.0798550174, -0.962624848, 0.00874526612, 0.996342301, 0.0850032046, 0.965891778, -0.0304171089, 0.257153273), DesiredAngle = nil},
        }
    },
    
    {
        Time = 0.066,
        Motors = {
            ["Left Leg"] = {C0 = CFrame.new(-0.871904135, -0.35620147, -0.903847456, -0.102401316, 0.0482394621, -0.993572831, -0.446550906, 0.890295982, 0.0892484263, 0.88887918, 0.452820003, -0.0696261078), DesiredAngle = nil},
            ["Right Arm"] = {C0 = CFrame.new(1.01936233, 0.47976765, -0.284822702, -0.413852632, -0.0376525298, 0.909564853, 0.482715607, 0.838035285, 0.254327416, -0.771823525, 0.544315219, -0.328647673), DesiredAngle = nil},
            ["Head"] = {C0 = CFrame.new(0, 1.01666152, -5.08517644e-07, -0.993328571, -0.0983087495, 0.060280662, 0.081296891, -0.226244196, 0.970672131, -0.0817874297, 0.969097018, 0.232727006), DesiredAngle = nil},
            ["Torso"] = {C0 = CFrame.new(-0.0652213693, -0.130853429, -0.200254574, -0.993909001, 0.0765658394, -0.0792623311, -0.0581021123, 0.247085169, 0.967250228, 0.093642883, 0.965964079, -0.241131529), DesiredAngle = nil},
            ["Right Leg"] = {C0 = CFrame.new(0.979021192, -0.959855437, 0.290595055, 0.0511354581, 0.103070661, 0.993358731, -0.289932728, 0.953354001, -0.0839948207, -0.955679953, -0.283712089, 0.078633748), DesiredAngle = nil},
            ["Left Arm"] = {C0 = CFrame.new(-0.92519474, 0.460899919, 0.454085916, 0.352143258, 0.0242300294, -0.935632408, 0.203158826, 0.973851681, 0.101682544, 0.913631022, -0.225888819, 0.338012785), DesiredAngle = nil},
        }
    },
    

    
    }

return keyFrames 
