print("RARAARARARAR")
local keyFrames = {
  


{
    Time = 0.016,
    Motors = {
        ["Left Leg"] = {C0 = CFrame.new(-0.913122654, -0.565882564, -0.842221141, -0.0529310554, 0.0397490002, -0.997806728, -0.296812743, 0.953423142, 0.0537260585, 0.953467607, 0.299005538, -0.0386676863), DesiredAngle = nil},
        ["Right Arm"] = {C0 = CFrame.new(0.97749871, 0.331812024, 0.0218018889, -0.233380094, -0.108938158, 0.966264129, 0.468225867, 0.858326256, 0.209858835, -0.852231443, 0.50140667, -0.149308607), DesiredAngle = nil},
        ["Head"] = {C0 = CFrame.new(0, 1.01666152, -5.08517644e-07, -0.998476982, -0.0474417657, 0.0281604044, 0.035805326, -0.168908849, 0.98498112, -0.0419727042, 0.984489262, 0.170350268), DesiredAngle = nil},
        ["Torso"] = {C0 = CFrame.new(-0.0285335872, -0.2365679, -0.368508607, -0.998418093, 0.0442761481, -0.0346542746, -0.015297899, 0.379174531, 0.925198674, 0.0541042536, 0.924265265, -0.377897382), DesiredAngle = nil},
        ["Right Leg"] = {C0 = CFrame.new(1.01696432, -1.04959798, -0.867382348, 0.00288866833, 0.0502890535, 0.99873054, -0.751884758, 0.658566058, -0.030986052, -0.659288287, -0.750840724, 0.0397139527), DesiredAngle = nil},
        ["Left Arm"] = {C0 = CFrame.new(-0.937648058, 0.462418258, 0.0595029555, 0.174769714, 0.0882453024, -0.980646908, 0.065205805, 0.992751837, 0.100955486, 0.982447863, -0.0815878287, 0.167748854), DesiredAngle = nil},
    }
},

{
    Time = 0.016,
    Motors = {
        ["Left Leg"] = {C0 = CFrame.new(-0.927250922, -0.65993607, -0.704482138, -0.0421876721, 0.033440195, -0.998549938, -0.275606126, 0.960272193, 0.0438023806, 0.960344493, 0.277054399, -0.0312953256), DesiredAngle = nil},
        ["Right Arm"] = {C0 = CFrame.new(0.970692039, 0.327598333, 0.0861667693, -0.18652001, -0.120550707, 0.975027084, 0.441675931, 0.876208425, 0.192824319, -0.87757206, 0.466611594, -0.11018607), DesiredAngle = nil},
        ["Head"] = {C0 = CFrame.new(0, 1.01666152, -5.08517644e-07, -0.999156058, -0.0354586206, 0.0207322203, 0.0247571021, -0.117124572, 0.99280858, -0.0327753685, 0.992484033, 0.117903575), DesiredAngle = nil},
        ["Torso"] = {C0 = CFrame.new(-0.0195337888, -0.217976376, -0.349228531, -0.999045193, 0.0366755314, -0.0237404462, -0.00901359506, 0.358679414, 0.93341732, 0.0427487828, 0.932740033, -0.358006358), DesiredAngle = nil},
        ["Right Leg"] = {C0 = CFrame.new(1.00915122, -1.08141148, -0.983672142, 0.0020545423, 0.0343829542, 0.999406636, -0.815602124, 0.578326285, -0.018219687, -0.578609586, -0.815080702, 0.0292310044), DesiredAngle = nil},
        ["Left Arm"] = {C0 = CFrame.new(-0.942407608, 0.462452352, -0.00791559648, 0.127621323, 0.0992724225, -0.986842334, 0.0248034187, 0.994347692, 0.103235088, 0.991512775, -0.0376520827, 0.12443766), DesiredAngle = nil},
    }
},

{
    Time = 0.016,
    Motors = {
        ["Left Leg"] = {C0 = CFrame.new(-0.940706313, -0.758654118, -0.537320852, -0.0311661419, 0.0254495423, -0.999190152, -0.26137343, 0.964682937, 0.0327232368, 0.964734495, 0.26218161, -0.0234136153), DesiredAngle = nil},
        ["Right Arm"] = {C0 = CFrame.new(0.964380085, 0.325824171, 0.153039292, -0.136204213, -0.129938826, 0.982122362, 0.40870887, 0.895693719, 0.175185159, -0.902444184, 0.425263047, -0.0688901022), DesiredAngle = nil},
        ["Head"] = {C0 = CFrame.new(0, 1.01666212, -5.08517644e-07, -0.999653876, -0.023464229, 0.0118970051, 0.0134647842, -0.0678302571, 0.997605979, -0.022601068, 0.997420907, 0.0681227222), DesiredAngle = nil},
        ["Torso"] = {C0 = CFrame.new(-0.0104131922, -0.197089612, -0.326553851, -0.999517322, 0.0283937566, -0.0126041556, -0.00236570928, 0.3349801, 0.942222178, 0.0309753716, 0.941797256, -0.334751278), DesiredAngle = nil},
        ["Right Leg"] = {C0 = CFrame.new(0.998705029, -1.10329676, -1.09020627, 0.00419922825, 0.0177079849, 0.999834418, -0.861418724, 0.507867098, -0.00537690055, -0.507878184, -0.8612535, 0.0173866376), DesiredAngle = nil},
        ["Left Arm"] = {C0 = CFrame.new(-0.947849572, 0.462401181, -0.0725534186, 0.076960884, 0.108271129, -0.991137922, -0.0176401939, 0.994078517, 0.107222609, 0.996878028, 0.00923192687, 0.0784150884), DesiredAngle = nil},
    }
},

{
    Time = 0.016,
    Motors = {
        ["Left Leg"] = {C0 = CFrame.new(-0.949250519, -0.831347227, -0.395769477, -0.022586802, 0.0185091197, -0.999573529, -0.254275262, 0.966842711, 0.0236487538, 0.966868103, 0.254700959, -0.0171314795), DesiredAngle = nil},
        ["Right Arm"] = {C0 = CFrame.new(0.960170746, 0.325709015, 0.204332486, -0.0965959281, -0.134876847, 0.986142755, 0.379658133, 0.910873175, 0.161770821, -0.920070112, 0.3900235, -0.0367795527), DesiredAngle = nil},
        ["Head"] = {C0 = CFrame.new(0, 1.01666212, -1.27129283e-07, -0.999882698, -0.0145873558, 0.00466254726, 0.00517681427, -0.0354162268, 0.99935919, -0.0144128725, 0.999266148, 0.0354875885), DesiredAngle = nil},
        ["Torso"] = {C0 = CFrame.new(-0.00359991798, -0.180663466, -0.30780828, -0.999758303, 0.0215474125, -0.00436484721, 0.00266069127, 0.315662533, 0.948867798, 0.021823464, 0.948626816, -0.315643579), DesiredAngle = nil},
        ["Right Leg"] = {C0 = CFrame.new(0.98873359, -1.09627151, -1.16686952, 0.00741642434, 0.00475498801, 0.999961257, -0.880307794, 0.474383771, 0.00427321391, -0.474345028, -0.88030529, 0.00770408381), DesiredAngle = nil},
        ["Left Arm"] = {C0 = CFrame.new(-0.952442765, 0.462324411, -0.117091134, 0.0371938571, 0.113201037, -0.992875695, -0.0504513048, 0.992508829, 0.111269265, 0.998033702, 0.0459533371, 0.0426263809), DesiredAngle = nil},
    }
},

{
    Time = 0.017,
    Motors = {
        ["Left Leg"] = {C0 = CFrame.new(-0.958422661, -0.929986835, -0.170031935, -0.0110348547, 0.00850483403, -0.999902964, -0.260980338, 0.965280414, 0.0110905077, 0.965281069, 0.261077374, -0.00843213405), DesiredAngle = nil},
        ["Right Arm"] = {C0 = CFrame.new(0.95519793, 0.326118439, 0.273132771, -0.0426986217, -0.138374954, 0.989459038, 0.336713582, 0.930430174, 0.144650191, -0.940638542, 0.339340657, 0.00686462782), DesiredAngle = nil},
        ["Head"] = {C0 = CFrame.new(0, 1.01666212, -3.81388361e-07, -0.999980092, -0.00297999079, -0.00556696067, -0.00556888944, 0.000639149919, 0.999984264, -0.00297638564, 0.999995351, -0.000655733165), DesiredAngle = nil},
        ["Torso"] = {C0 = CFrame.new(0.00530324085, -0.158852518, -0.281899124, -0.999907672, 0.011967523, 0.00643346459, 0.00962064043, 0.289249837, 0.957205236, 0.00959449634, 0.957178771, -0.289338291), DesiredAngle = nil},
        ["Right Leg"] = {C0 = CFrame.new(0.971780062, -1.04177415, -1.26685333, 0.0120817153, -0.0135489507, 0.999835253, -0.885698497, 0.46394974, 0.0169895906, -0.46410349, -0.885757864, -0.00639497768), DesiredAngle = nil},
        ["Left Arm"] = {C0 = CFrame.new(-0.959078908, 0.462145299, -0.170729995, -0.0168709066, 0.117093995, -0.9929775, -0.094261311, 0.988509476, 0.118168637, 0.995404541, 0.0955929831, -0.00563961267), DesiredAngle = nil},
    }
},

{
    Time = 0.018,
    Motors = {
        ["Left Leg"] = {C0 = CFrame.new(-0.964073956, -0.997757435, 0.0626126751, 0.0039542648, -0.00395818846, -0.999984324, -0.237303942, 0.971423686, -0.00478351535, 0.971427441, 0.237319142, 0.0029019732), DesiredAngle = nil},
        ["Right Arm"] = {C0 = CFrame.new(0.95023793, 0.329918444, 0.3583996, 0.0252243541, -0.137010112, 0.990248442, 0.276577204, 0.952854753, 0.12479116, -0.960660577, 0.270732373, 0.0619290285), DesiredAngle = nil},
        ["Head"] = {C0 = CFrame.new(0, 1.01666212, -5.08517644e-07, -0.999755621, 0.011453121, -0.018906936, -0.0185502023, 0.0304899421, 0.999362886, 0.0120223192, 0.999469459, -0.0302700233), DesiredAngle = nil},
        ["Torso"] = {C0 = CFrame.new(0.0159821976, -0.132786334, -0.249119326, -0.99981153, -0.000603316119, 0.0194035266, 0.0185998399, 0.256466895, 0.96637404, -0.00555939134, 0.966552854, -0.25640735), DesiredAngle = nil},
        ["Right Leg"] = {C0 = CFrame.new(0.942114115, -0.87132144, -1.3764416, 0.0154156666, -0.0388450623, 0.999126315, -0.852205276, 0.522137225, 0.0334489867, -0.522980392, -0.851976395, -0.0250548739), DesiredAngle = nil},
        ["Left Arm"] = {C0 = CFrame.new(-0.968201399, 0.465147734, -0.225814611, -0.0850860775, 0.117408678, -0.989431918, -0.148509815, 0.9804461, 0.12911348, 0.985243738, 0.157926127, -0.0659859776), DesiredAngle = nil},
    }
},

{
    Time = 0.017,
    Motors = {
        ["Left Leg"] = {C0 = CFrame.new(-0.966540813, -0.998340487, 0.115358032, 0.0148973009, -0.015065602, -0.999775529, -0.149571314, 0.988602579, -0.0171259493, 0.988638699, 0.149792865, 0.0124741243), DesiredAngle = nil},
        ["Right Arm"] = {C0 = CFrame.new(0.947235465, 0.338669866, 0.422201514, 0.0784985274, -0.131343439, 0.988224089, 0.223886743, 0.968284011, 0.110909045, -0.971448779, 0.212544098, 0.105414912), DesiredAngle = nil},
        ["Head"] = {C0 = CFrame.new(0, 1.01666212, 0, -0.999303043, 0.0232503526, -0.0292035677, -0.028265737, 0.0396907851, 0.998812139, 0.0243818648, 0.998941481, -0.0390059203), DesiredAngle = nil},
        ["Torso"] = {C0 = CFrame.new(0.0239430945, -0.114267275, -0.224052772, -0.999516964, -0.01109799, 0.0290290676, 0.025660485, 0.232243329, 0.972319186, -0.0175325908, 0.97259444, -0.231846362), DesiredAngle = nil},
        ["Right Leg"] = {C0 = CFrame.new(0.910127878, -0.638828158, -1.41442788, 0.0124022327, -0.0608791672, 0.998068094, -0.774995089, 0.630136669, 0.0480667241, -0.631845534, -0.774093986, -0.0393659547), DesiredAngle = nil},
        ["Left Arm"] = {C0 = CFrame.new(-0.975997508, 0.473114461, -0.258551538, -0.13858667, 0.114008792, -0.983766079, -0.191002578, 0.97162509, 0.139508978, 0.971757054, 0.207235932, -0.112878315), DesiredAngle = nil},
    }
},

{
    Time = 0.015,
    Motors = {
        ["Left Leg"] = {C0 = CFrame.new(-0.968828201, -0.996501565, 0.159447044, 0.0240130834, -0.0274755266, -0.999334037, -0.062991485, 0.997594357, -0.0289413314, 0.997725129, 0.0636445135, 0.0222245827), DesiredAngle = nil},
        ["Right Arm"] = {C0 = CFrame.new(0.944744825, 0.351396143, 0.477968454, 0.129465953, -0.122146904, 0.984031856, 0.168038636, 0.980732918, 0.0996290892, -0.977241814, 0.15245679, 0.147496924), DesiredAngle = nil},
        ["Head"] = {C0 = CFrame.new(0, 1.01666152, -5.08517644e-07, -0.998621345, 0.0354504026, -0.0387134664, -0.037383426, 0.0374427214, 0.998599291, 0.0368502773, 0.998669803, -0.0360658467), DesiredAngle = nil},
        ["Torso"] = {C0 = CFrame.new(0.0313241407, -0.0986474827, -0.201402262, -0.99904114, -0.0216328725, 0.0380633064, 0.0326484554, 0.211130798, 0.976912439, -0.0291697569, 0.97721839, -0.210222065), DesiredAngle = nil},
        ["Right Leg"] = {C0 = CFrame.new(0.876242399, -0.373485327, -1.37264287, 0.00166776404, -0.0813452303, 0.996684551, -0.642050147, 0.764034033, 0.0634316057, -0.76666081, -0.640027285, -0.0509534962), DesiredAngle = nil},
        ["Left Arm"] = {C0 = CFrame.new(-0.983878911, 0.48350361, -0.28250283, -0.189782426, 0.10786251, -0.975883365, -0.232761964, 0.960669398, 0.15144676, 0.953836679, 0.255890459, -0.157211855), DesiredAngle = nil},
    }
},

{
    Time = 0.017,
    Motors = {
        ["Left Leg"] = {C0 = CFrame.new(-0.970936239, -0.99282378, 0.19559741, 0.0313823558, -0.0405908227, -0.998682916, 0.0191064682, 0.999016821, -0.0400040001, 0.999324799, -0.017825881, 0.0321270488), DesiredAngle = nil},
        ["Right Arm"] = {C0 = CFrame.new(0.942492962, 0.367005467, 0.521896303, 0.177042976, -0.109963425, 0.978040814, 0.110118978, 0.989712298, 0.0913421735, -0.97802335, 0.0915293768, 0.187330648), DesiredAngle = nil},
        ["Head"] = {C0 = CFrame.new(0, 1.01666212, -5.08516734e-07, -0.997744858, 0.0479431711, -0.0469751805, -0.04584869, 0.0243324153, 0.998652041, 0.0490215607, 0.998553634, -0.0220794231), DesiredAngle = nil},
        ["Torso"] = {C0 = CFrame.new(0.0380649418, -0.0866759196, -0.182387888, -0.998416185, -0.0320628919, 0.0462281443, 0.0391340889, 0.194520995, 0.98011744, -0.0404177345, 0.980374217, -0.192958161), DesiredAngle = nil},
        ["Right Leg"] = {C0 = CFrame.new(0.850428998, -0.156143129, -1.26567686, -0.0146403592, -0.0949225426, 0.995377004, -0.466446787, 0.881176531, 0.0771713257, -0.884428144, -0.463160604, -0.0571770445), DesiredAngle = nil},
        ["Left Arm"] = {C0 = CFrame.new(-0.991538584, 0.493807465, -0.298316836, -0.237597734, 0.0992586017, -0.96627897, -0.273770392, 0.947595835, 0.164656669, 0.931985557, 0.303660631, -0.197972566), DesiredAngle = nil},
    }
},

{
    Time = 0.017,
    Motors = {
        ["Left Leg"] = {C0 = CFrame.new(-0.972819984, -0.98780036, 0.224661142, 0.0371404588, -0.0538082421, -0.997860312, 0.0937638432, 0.994331658, -0.0501280501, 0.994901419, -0.0917014331, 0.0419752225), DesiredAngle = nil},
        ["Right Arm"] = {C0 = CFrame.new(0.940207005, 0.3843548, 0.550163627, 0.220356151, -0.0955527127, 0.97072804, 0.0507855192, 0.994964421, 0.0864100456, -0.974096537, 0.0302579552, 0.224099204), DesiredAngle = nil},
        ["Head"] = {C0 = CFrame.new(0, 1.01666152, 0, -0.996712029, 0.0607323423, -0.0536350347, -0.0536612682, 0.00120015827, 0.998558462, 0.0607091635, 0.998153329, 0.00206278637), DesiredAngle = nil},
        ["Torso"] = {C0 = CFrame.new(0.0441292375, -0.0790411979, -0.168253988, -0.997673929, -0.0421034545, 0.0536101088, 0.0450120196, 0.183715209, 0.981948376, -0.0511924103, 0.98207742, -0.181392714), DesiredAngle = nil},
        ["Right Leg"] = {C0 = CFrame.new(0.838903606, -0.0341123343, -1.14817846, -0.0319155455, -0.0986772478, 0.994607568, -0.280687422, 0.95595336, 0.0858354121, -0.959268451, -0.276434332, -0.0582072362), DesiredAngle = nil},
        ["Left Arm"] = {C0 = CFrame.new(-0.99870348, 0.501535356, -0.306675941, -0.281075209, 0.0888093412, -0.955567718, -0.31417349, 0.932326078, 0.17906177, 0.906803012, 0.350543886, -0.234152213), DesiredAngle = nil},
    }
},

{
    Time = 0.018,
    Motors = {
        ["Left Leg"] = {C0 = CFrame.new(-0.974524379, -0.981924832, 0.247445732, 0.0414896607, -0.066429913, -0.996928096, 0.157797486, 0.985700428, -0.0591146089, 0.986599445, -0.154860109, 0.0513788685), DesiredAngle = nil},
        ["Right Arm"] = {C0 = CFrame.new(0.937596917, 0.402369499, 0.558983207, 0.258798331, -0.0798549652, 0.962624848, -0.00874548778, 0.996342301, 0.0850032121, -0.965891778, -0.0304173119, 0.257153362), DesiredAngle = nil},
        ["Head"] = {C0 = CFrame.new(0, 1.01666212, -1.81859931e-12, -0.995573342, 0.0736750737, -0.0583586544, -0.0607896447, -0.0311948042, 0.997663021, 0.0716824159, 0.996794283, 0.0355353951), DesiredAngle = nil},
        ["Torso"] = {C0 = CFrame.new(0.0495291241, -0.0764801949, -0.160196453, -0.996860921, -0.0514776334, 0.0601523779, 0.0499792509, 0.180081904, 0.982381046, -0.0614030138, 0.982303679, -0.176943809), DesiredAngle = nil},
        ["Right Leg"] = {C0 = CFrame.new(0.838903666, 0.0018017292, -1.05502558, -0.0483585373, -0.0941007584, 0.994387507, -0.105997771, 0.990413964, 0.0885698944, -0.993189752, -0.101119742, -0.0578694493), DesiredAngle = nil},
        ["Left Arm"] = {C0 = CFrame.new(-1.00503254, 0.504196584, -0.308211297, -0.319405615, 0.0770175308, -0.944483101, -0.354146302, 0.914770246, 0.194359913, 0.878954172, 0.396564841, -0.2649073), DesiredAngle = nil},
    }
},

{
    Time = 0.016,
    Motors = {
        ["Left Leg"] = {C0 = CFrame.new(-0.975959599, -0.975735307, 0.264668673, 0.0448074751, -0.0781016052, -0.995937943, 0.210744515, 0.975242615, -0.0669972301, 0.976513743, -0.206886485, 0.060157638), DesiredAngle = nil},
        ["Right Arm"] = {C0 = CFrame.new(0.934475064, 0.419957638, 0.550300002, 0.291819036, -0.0637366995, 0.954347551, -0.0674564317, 0.99392128, 0.0870063975, -0.954091847, -0.0897670165, 0.28574568), DesiredAngle = nil},
        ["Head"] = {C0 = CFrame.new(0, 1.01666152, -5.08515825e-07, -0.994399309, 0.0861689597, -0.0611961223, -0.0673298836, -0.0701731071, 0.99526, 0.081466198, 0.993806124, 0.0755818263), DesiredAngle = nil},
        ["Torso"] = {C0 = CFrame.new(0.0542404242, -0.0790170729, -0.157864958, -0.996020973, -0.0600534305, 0.0658466741, 0.0538673587, 0.182926461, 0.981649756, -0.0709965304, 0.981290758, -0.178963676), DesiredAngle = nil},
        ["Right Leg"] = {C0 = CFrame.new(0.844256282, -0.0224145651, -0.989456236, -0.0642469078, -0.0848101452, 0.994323671, 0.0521168523, 0.994737327, 0.0882128701, -0.996572196, 0.0574884079, -0.0594887771), DesiredAngle = nil},
        ["Left Arm"] = {C0 = CFrame.new(-1.01030385, 0.503070652, -0.305686474, -0.352179676, 0.0645722598, -0.93370229, -0.393285692, 0.895055771, 0.210241541, 0.849291384, 0.441254556, -0.289825112), DesiredAngle = nil},
    }
},

{
    Time = 0.017,
    Motors = {
        ["Left Leg"] = {C0 = CFrame.new(-0.976867855, -0.971126854, 0.273986578, 0.0467981249, -0.0857153386, -0.995219946, 0.242312729, 0.967527628, -0.0719360262, 0.969068825, -0.237787992, 0.0660484061), DesiredAngle = nil},
        ["Right Arm"] = {C0 = CFrame.new(0.931941748, 0.432150781, 0.535791039, 0.31229496, -0.0521713272, 0.948551536, -0.108463183, 0.990003407, 0.0901609287, -0.943773091, -0.131039724, 0.303514421), DesiredAngle = nil},
        ["Head"] = {C0 = CFrame.new(0, 1.01666152, -1.27128288e-07, -0.99355185, 0.0949405283, -0.061976444, -0.0716003925, -0.101565279, 0.992248893, 0.0879099965, 0.990288258, 0.107708134), DesiredAngle = nil},
        ["Torso"] = {C0 = CFrame.new(0.0572484061, -0.0841542035, -0.1595864, -0.995422661, -0.0655608177, 0.06953796, 0.0560492687, 0.188869178, 0.980401456, -0.077409476, 0.97981137, -0.184330016), DesiredAngle = nil},
        ["Right Leg"] = {C0 = CFrame.new(0.849630475, -0.0706851482, -0.955106735, -0.0755844191, -0.076390475, 0.994208992, 0.157799423, 0.983580589, 0.0875705034, -0.984574199, 0.163504571, -0.0622889809), DesiredAngle = nil},
        ["Left Arm"] = {C0 = CFrame.new(-1.01345134, 0.501381814, -0.302679777, -0.372431606, 0.0556528419, -0.926389456, -0.420622617, 0.879668236, 0.221946821, 0.827267349, 0.472320348, -0.304207414), DesiredAngle = nil},
    }
},

{
    Time = 0.017,
    Motors = {
        ["Left Leg"] = {C0 = CFrame.new(-0.977877021, -0.965453148, 0.283382952, 0.0488396212, -0.0944962129, -0.994326472, 0.275387079, 0.958201468, -0.0775365159, 0.960092008, -0.2700378, 0.0728212297), DesiredAngle = nil},
        ["Right Arm"] = {C0 = CFrame.new(0.928653598, 0.446796238, 0.51114881, 0.334937841, -0.0377743766, 0.941482723, -0.157611936, 0.98287183, 0.0955063626, -0.928964496, -0.180377603, 0.323247284), DesiredAngle = nil},
        ["Head"] = {C0 = CFrame.new(0, 1.016662, 0, -0.992498875, 0.105436794, -0.0618797243, -0.0768054575, -0.143962145, 0.986598074, 0.0951154009, 0.983950198, 0.150980383), DesiredAngle = nil},
        ["Torso"] = {C0 = CFrame.new(0.0607698113, -0.0939936042, -0.165406093, -0.994674265, -0.0719010383, 0.0738468841, 0.0581232682, 0.200385362, 0.977991521, -0.0851164311, 0.977075219, -0.19513905), DesiredAngle = nil},
        ["Right Leg"] = {C0 = CFrame.new(0.857411146, -0.153273106, -0.917271495, -0.0889110416, -0.0642730743, 0.993963659, 0.285565227, 0.954378664, 0.0872574747, -0.954226017, 0.291599602, -0.066500634), DesiredAngle = nil},
        ["Left Arm"] = {C0 = CFrame.new(-1.01688027, 0.497940063, -0.297826409, -0.394786149, 0.0445460752, -0.917692542, -0.453056812, 0.859504819, 0.236624032, 0.799301863, 0.509182751, -0.319138736), DesiredAngle = nil},
    }
},

{
    Time = 0.016,
    Motors = {
        ["Left Leg"] = {C0 = CFrame.new(-0.978785276, -0.959813058, 0.290458232, 0.0508471094, -0.102772653, -0.993404388, 0.30008924, 0.950297415, -0.0829530209, 0.952554941, -0.293892026, 0.0791608542), DesiredAngle = nil},
        ["Right Arm"] = {C0 = CFrame.new(0.925058305, 0.461428881, 0.4746418, 0.355177015, -0.0229806527, 0.934516609, -0.20637092, 0.973104656, 0.102363907, -0.911734819, -0.22921434, 0.340881854), DesiredAngle = nil},
        ["Head"] = {C0 = CFrame.new(0, 1.01666212, -1.81860256e-12, -0.991411686, 0.116056353, -0.0602808557, -0.0823211297, -0.195654735, 0.977211595, 0.101617366, 0.973781347, 0.20352827), DesiredAngle = nil},
        ["Torso"] = {C0 = CFrame.new(0.0643274412, -0.111235194, -0.178908855, -0.993915021, -0.0776311383, 0.0781432986, 0.0592666604, 0.221081465, 0.973452866, -0.0928462818, 0.972160697, -0.215135247), DesiredAngle = nil},
        ["Right Leg"] = {C0 = CFrame.new(0.86804086, -0.274462402, -0.879382312, -0.101764441, -0.049386628, 0.993581891, 0.419844538, 0.903329313, 0.0879017934, -0.901872814, 0.426095217, -0.0711921006), DesiredAngle = nil},
        ["Left Arm"] = {C0 = CFrame.new(-1.01985705, 0.4911291, -0.290588975, -0.415023744, 0.0336730406, -0.909187198, -0.484887719, 0.837377727, 0.252353907, 0.769830644, 0.545586586, -0.331203997), DesiredAngle = nil},
    }
},

{
    Time = 0.017,
    Motors = {
        ["Left Leg"] = {C0 = CFrame.new(-0.979188919, -0.957301378, 0.292835385, 0.0522237122, -0.106471077, -0.992943406, 0.303010643, 0.949113786, -0.085834533, 0.951555192, -0.296389818, 0.0818281025), DesiredAngle = nil},
        ["Right Arm"] = {C0 = CFrame.new(0.923113585, 0.468696147, 0.44478792, 0.364040226, -0.0156857818, 0.931251109, -0.230318576, 0.967288852, 0.106327839, -0.902456701, -0.253192037, 0.348519355), DesiredAngle = nil},
        ["Head"] = {C0 = CFrame.new(0, 1.01666212, -5.08514916e-07, -0.990870416, 0.121497884, -0.0584304631, -0.0857242793, -0.233293831, 0.9686203, 0.104053855, 0.964786112, 0.241579264), DesiredAngle = nil},
        ["Torso"] = {C0 = CFrame.new(0.0663931742, -0.12924692, -0.195470959, -0.993537426, -0.0798242167, 0.08069399, 0.0590874106, 0.243270844, 0.968156993, -0.0969128683, 0.966668189, -0.236982077), DesiredAngle = nil},
        ["Right Leg"] = {C0 = CFrame.new(0.876112938, -0.36709708, -0.857151806, -0.107949235, -0.039987199, 0.993351936, 0.499316722, 0.861840963, 0.0889548436, -0.859668434, 0.505599797, -0.0730687901), DesiredAngle = nil},
        ["Left Arm"] = {C0 = CFrame.new(-1.02108538, 0.48280412, -0.284157574, -0.424450099, 0.0293129459, -0.904976726, -0.500329077, 0.825433791, 0.261399716, 0.754660785, 0.563737333, -0.335689366), DesiredAngle = nil},
    }
},

{
    Time = 0.017,
    Motors = {
        ["Left Leg"] = {C0 = CFrame.new(-0.979323447, -0.957077146, 0.29328385, 0.0535202175, -0.107501782, -0.992763281, 0.290171295, 0.952961624, -0.0875486061, 0.95547694, -0.283385783, 0.0821966529), DesiredAngle = nil},
        ["Right Arm"] = {C0 = CFrame.new(0.92238003, 0.471306205, 0.41855073, 0.366709799, -0.0130706094, 0.930243552, -0.23871085, 0.965104103, 0.107662231, -0.899189115, -0.261540025, 0.350793034), DesiredAngle = nil},
        ["Head"] = {C0 = CFrame.new(0, 1.01666212, -2.72790384e-12, -0.990654469, 0.124059595, -0.0566831082, -0.0881750286, -0.265439183, 0.960087121, 0.104062103, 0.956112623, 0.273897439), DesiredAngle = nil},
        ["Torso"] = {C0 = CFrame.new(0.0677582398, -0.150580689, -0.216865167, -0.993404508, -0.0798474774, 0.0822914317, 0.0579188839, 0.26996097, 0.961127698, -0.0989590958, 0.959554851, -0.263555795), DesiredAngle = nil},
        ["Right Leg"] = {C0 = CFrame.new(0.881379187, -0.432321072, -0.848130107, -0.110353984, -0.0353722051, 0.993262649, 0.546783447, 0.832380354, 0.0903918669, -0.829969764, 0.553074718, -0.0725155547), DesiredAngle = nil},
        ["Left Arm"] = {C0 = CFrame.new(-1.02142656, 0.471579045, -0.277572662, -0.428186208, 0.0296485275, -0.903204024, -0.505355, 0.820722222, 0.266517043, 0.749181449, 0.570557594, -0.336438924), DesiredAngle = nil},
    }
},

{
    Time = 0.016,
    Motors = {
        ["Left Leg"] = {C0 = CFrame.new(-0.979222536, -0.958086312, 0.290357292, 0.0544278435, -0.106389396, -0.992833793, 0.271971345, 0.958293498, -0.0877784863, 0.960764885, -0.265244722, 0.0810927302), DesiredAngle = nil},
        ["Right Arm"] = {C0 = CFrame.new(0.922392845, 0.470781624, 0.403107762, 0.365632296, -0.0135982968, 0.930660069, -0.237809196, 0.965340972, 0.10753414, -0.899866521, -0.260637462, 0.349726021), DesiredAngle = nil},
        ["Head"] = {C0 = CFrame.new(0, 1.01666176, -3.81390947e-07, -0.990721226, 0.124040008, -0.0555474721, -0.0891117901, -0.284258783, 0.954597294, 0.102618396, 0.950689733, 0.292674661), DesiredAngle = nil},
        ["Torso"] = {C0 = CFrame.new(0.0681206435, -0.168764517, -0.239225745, -0.993459582, -0.0786662027, 0.0827629492, 0.0563176945, 0.292949498, 0.954467893, -0.0993297324, 0.952886283, -0.286603212), DesiredAngle = nil},
        ["Right Leg"] = {C0 = CFrame.new(0.883386433, -0.458803535, -0.848680496, -0.110476315, -0.0343551002, 0.993284822, 0.565269887, 0.819846034, 0.0912274271, -0.817474723, 0.571552455, -0.0711536705), DesiredAngle = nil},
        ["Left Arm"] = {C0 = CFrame.new(-1.02086353, 0.460716516, -0.272262931, -0.427727222, 0.0321810246, -0.903334796, -0.504996359, 0.820349038, 0.268339455, 0.749685287, 0.570956886, -0.334634304), DesiredAngle = nil},
    }
},

{
    Time = 0.017,
    Motors = {
        ["Left Leg"] = {C0 = CFrame.new(-0.978964627, -0.960082173, 0.2785725, 0.0557285398, -0.102596804, -0.993160725, 0.239116192, 0.967131257, -0.0864905119, 0.969390392, -0.23266083, 0.0784293711), DesiredAngle = nil},
        ["Right Arm"] = {C0 = CFrame.new(0.922516525, 0.468849629, 0.379945457, 0.361053169, -0.0160770193, 0.932406664, -0.233613774, 0.966410279, 0.107124917, -0.90280962, -0.25650081, 0.345169663), DesiredAngle = nil},
        ["Head"] = {C0 = CFrame.new(0, 1.01666212, -2.72790384e-12, -0.991067708, 0.122155115, -0.0535060801, -0.0890245289, -0.307274193, 0.947447717, 0.0992945433, 0.943748236, 0.315404326), DesiredAngle = nil},
        ["Torso"] = {C0 = CFrame.new(0.0676011741, -0.200303093, -0.284454316, -0.993718028, -0.0759946927, 0.0821543559, 0.0524347946, 0.332372129, 0.94168967, -0.0988692269, 0.940081716, -0.326299429), DesiredAngle = nil},
        ["Right Leg"] = {C0 = CFrame.new(0.885998011, -0.485242665, -0.85227412, -0.109630853, -0.0333554558, 0.993412554, 0.585402429, 0.805545807, 0.0916512609, -0.803296387, 0.591593921, -0.0687863082), DesiredAngle = nil},
        ["Left Arm"] = {C0 = CFrame.new(-1.01867998, 0.44001922, -0.260717958, -0.423466593, 0.0372060835, -0.905147374, -0.504906833, 0.819886029, 0.269918382, 0.752160311, 0.57131654, -0.328408748), DesiredAngle = nil},
    }
},

{
    Time = 0.016,
    Motors = {
        ["Left Leg"] = {C0 = CFrame.new(-0.978650808, -0.961697161, 0.261392474, 0.0559367463, -0.0973717272, -0.993674934, 0.214754522, 0.973112047, -0.0832676142, 0.975064933, -0.208738476, 0.0753437355), DesiredAngle = nil},
        ["Right Arm"] = {C0 = CFrame.new(0.922925949, 0.466580749, 0.360548884, 0.352806658, -0.0205109008, 0.935471416, -0.225814119, 0.9683429, 0.10639587, -0.908039331, -0.248779818, 0.337006181), DesiredAngle = nil},
        ["Head"] = {C0 = CFrame.new(0, 1.01666152, -5.08517644e-07, -0.991604209, 0.118491717, -0.0517766587, -0.0869473666, -0.314588606, 0.945237637, 0.0957144871, 0.941803455, 0.322249949), DesiredAngle = nil},
        ["Torso"] = {C0 = CFrame.new(0.065777041, -0.224765643, -0.324138045, -0.994107485, -0.0732157826, 0.0799356252, 0.0481833257, 0.362106413, 0.93089056, -0.0971010923, 0.929256856, -0.356444925), DesiredAngle = nil},
        ["Right Leg"] = {C0 = CFrame.new(0.886731803, -0.485026717, -0.862288773, -0.107372887, -0.0340782069, 0.993634582, 0.584347963, 0.806407094, 0.0908020288, -0.804368377, 0.590378046, -0.06667272), DesiredAngle = nil},
        ["Left Arm"] = {C0 = CFrame.new(-1.01547277, 0.421424478, -0.245825067, -0.414681315, 0.0426619947, -0.908966064, -0.505340993, 0.819912255, 0.269024938, 0.75674957, 0.5708974, -0.318443418), DesiredAngle = nil},
    }
},

{
    Time = 0.017,
    Motors = {
        ["Left Leg"] = {C0 = CFrame.new(-0.989717901, -0.993653774, 0.0519251935, 0.0453700013, -0.0974988639, -0.994200945, 0.300551891, 0.950447023, -0.0794924498, 0.952685773, -0.295202434, 0.0724252462), DesiredAngle = nil},
        ["Right Arm"] = {C0 = CFrame.new(0.923565626, 0.464904666, 0.341971308, 0.342511296, -0.0257267319, 0.93916142, -0.216198474, 0.970639706, 0.1054364, -0.914299846, -0.239158422, 0.326892972), DesiredAngle = nil},
        ["Head"] = {C0 = CFrame.new(0, 1.016662, -5.08517644e-07, -0.992162585, 0.114370123, -0.0503275916, -0.0839850232, -0.312155157, 0.946311593, 0.0925197601, 0.943121731, 0.319314033), DesiredAngle = nil},
        ["Torso"] = {C0 = CFrame.new(0.0634666979, -0.240430713, -0.350892782, -0.994508803, -0.0707403123, 0.077123791, 0.0445454195, 0.380717665, 0.92361778, -0.0946993977, 0.921981514, -0.375475913), DesiredAngle = nil},
        ["Right Leg"] = {C0 = CFrame.new(0.8863433, -0.473145247, -0.877569556, -0.104216561, -0.0358021595, 0.993910015, 0.568930507, 0.817544162, 0.0891044736, -0.815755486, 0.574751854, -0.0648327023), DesiredAngle = nil},
        ["Left Arm"] = {C0 = CFrame.new(-1.01217186, 0.407158643, -0.228987515, -0.403718352, 0.0479564071, -0.913625598, -0.505939364, 0.820326567, 0.266626656, 0.762257755, 0.569881201, -0.306917846), DesiredAngle = nil},
    }
},

{
    Time = 0.018,
    Motors = {
        ["Left Leg"] = {C0 = CFrame.new(-1.00444031, -1.01677454, -0.243814141, 0.0304940902, -0.09287671, -0.995210528, 0.421006769, 0.904236138, -0.0714866444, 0.906544745, -0.416810483, 0.0666755885), DesiredAngle = nil},
        ["Right Arm"] = {C0 = CFrame.new(0.925246, 0.462674171, 0.301642865, 0.318333358, -0.0372797698, 0.947245538, -0.193688527, 0.975589693, 0.103486687, -0.9279809, -0.21641387, 0.303342074), DesiredAngle = nil},
        ["Head"] = {C0 = CFrame.new(0, 1.01666152, -5.08514006e-07, -0.993251741, 0.105821267, -0.0474646986, -0.077061601, -0.296313643, 0.951976776, 0.0866749585, 0.949210286, 0.302468777), DesiredAngle = nil},
        ["Torso"] = {C0 = CFrame.new(0.0583235025, -0.260148674, -0.385638535, -0.995284855, -0.0662605539, 0.07083489, 0.038181603, 0.403687984, 0.914099634, -0.0891639367, 0.912494123, -0.39925459), DesiredAngle = nil},
        ["Right Leg"] = {C0 = CFrame.new(0.885091484, -0.44388926, -0.916505754, -0.096493721, -0.0400100015, 0.994529068, 0.519216061, 0.850446403, 0.0845902413, -0.849178135, 0.524537921, -0.0612889044), DesiredAngle = nil},
        ["Left Arm"] = {C0 = CFrame.new(-1.00556135, 0.384047478, -0.190979108, -0.378231794, 0.0586270019, -0.923852563, -0.507145345, 0.821777821, 0.259778321, 0.774431586, 0.566783965, -0.281090111), DesiredAngle = nil},
    }
},

{
    Time = 0.016,
    Motors = {
        ["Left Leg"] = {C0 = CFrame.new(-1.01202023, -1.02188766, -0.44833684, 0.0200196784, -0.08517088, -0.996165216, 0.51445961, 0.855213404, -0.0627807081, 0.85728091, -0.511229873, 0.0609380677), DesiredAngle = nil},
        ["Right Arm"] = {C0 = CFrame.new(0.927497864, 0.462094158, 0.254149526, 0.288760364, -0.0500440449, 0.956092596, -0.166492045, 0.980792284, 0.101621062, -0.942813754, -0.188525945, 0.274882019), DesiredAngle = nil},
        ["Head"] = {C0 = CFrame.new(0, 1.0166626, -3.63720512e-12, -0.99428165, 0.0970201343, -0.0446218625, -0.0692823902, -0.268077552, 0.96090287, 0.0812647939, 0.95849961, 0.273266375), DesiredAngle = nil},
        ["Torso"] = {C0 = CFrame.new(0.0526336879, -0.265439749, -0.395834178, -0.996025443, -0.0619946308, 0.0639533177, 0.0330285504, 0.409752637, 0.911598504, -0.082719259, 0.910087585, -0.406076461), DesiredAngle = nil},
        ["Right Leg"] = {C0 = CFrame.new(0.884659886, -0.41997546, -0.966319323, -0.0864832997, -0.0443131514, 0.995267272, 0.446600527, 0.891284049, 0.0784905702, -0.890543997, 0.451275021, -0.0572909079), DesiredAngle = nil},
        ["Left Arm"] = {C0 = CFrame.new(-0.998959303, 0.367448747, -0.146198213, -0.347915173, 0.0696485639, -0.934935272, -0.508069634, 0.824096918, 0.25045833, 0.787921429, 0.562150478, -0.251329541), DesiredAngle = nil},
    }
},

{
    Time = 0.017,
    Motors = {
        ["Left Leg"] = {C0 = CFrame.new(-1.01538408, -1.03283143, -0.641332686, 0.0102792569, -0.0744036138, -0.997175217, 0.614939272, 0.786833525, -0.0523700714, 0.788507462, -0.612663925, 0.0538417734), DesiredAngle = nil},
        ["Right Arm"] = {C0 = CFrame.new(0.930858552, 0.462247699, 0.190995783, 0.249256179, -0.0651065335, 0.966246605, -0.13066563, 0.986353278, 0.100168295, -0.95958209, -0.151222795, 0.237347469), DesiredAngle = nil},
        ["Head"] = {C0 = CFrame.new(0, 1.01666212, -5.08514006e-07, -0.995380282, 0.0868449882, -0.0409393683, -0.0599377081, -0.228967249, 0.971587121, 0.0750037059, 0.969552457, 0.233114779), DesiredAngle = nil},
        ["Torso"] = {C0 = CFrame.new(0.0457841679, -0.261646479, -0.39276576, -0.996818244, -0.0570851117, 0.0556300655, 0.0277424995, 0.405811757, 0.913535535, -0.0747246146, 0.912172198, -0.402936846), DesiredAngle = nil},
        ["Right Leg"] = {C0 = CFrame.new(0.889624, -0.436292648, -0.975556254, -0.075116314, -0.0466394089, 0.996083498, 0.374156028, 0.924604654, 0.0715083033, -0.924318552, 0.378062099, -0.0520024709), DesiredAngle = nil},
        ["Left Arm"] = {C0 = CFrame.new(-0.991367936, 0.353630692, -0.0878722221, -0.3081204, 0.0835128203, -0.947674751, -0.501808941, 0.832025766, 0.236476064, 0.808238626, 0.548414767, -0.214456633), DesiredAngle = nil},
    }
},

{
    Time = 0.016,
    Motors = {
        ["Left Leg"] = {C0 = CFrame.new(-1.01420665, -1.04938161, -0.770975888, 0.00455293618, -0.0643157139, -0.997919261, 0.687650621, 0.724733174, -0.043571569, 0.726027489, -0.686021388, 0.0475264043), DesiredAngle = nil},
        ["Right Arm"] = {C0 = CFrame.new(0.934236288, 0.462350041, 0.134943068, 0.213014603, -0.0770142823, 0.974009037, -0.0985103101, 0.990115821, 0.0998319387, -0.972070217, -0.117215604, 0.203322411), DesiredAngle = nil},
        ["Head"] = {C0 = CFrame.new(0, 1.01666176, -1.27125773e-07, -0.996218622, 0.0785308555, -0.0371662751, -0.0519561395, -0.195626199, 0.979301274, 0.0696346685, 0.977529168, 0.198966622), DesiredAngle = nil},
        ["Torso"] = {C0 = CFrame.new(0.0399675183, -0.254099369, -0.385671616, -0.997425556, -0.0528084151, 0.0485134684, 0.0235422887, 0.397884429, 0.917133451, -0.0677351132, 0.915914416, -0.395616889), DesiredAngle = nil},
        ["Right Leg"] = {C0 = CFrame.new(0.898073792, -0.485858262, -0.920163274, -0.067080453, -0.0458398461, 0.996693969, 0.339354098, 0.938340724, 0.0659956113, -0.938263774, 0.342659235, -0.0473883711), DesiredAngle = nil},
        ["Left Arm"] = {C0 = CFrame.new(-0.985226572, 0.345531762, -0.0361312106, -0.271915227, 0.0953252316, -0.957588196, -0.487797111, 0.844114006, 0.222543269, 0.829527617, 0.527621686, -0.183028102), DesiredAngle = nil},
    }
},

{
    Time = 0.017,
    Motors = {
        ["Left Leg"] = {C0 = CFrame.new(-1.00762475, -1.08544219, -0.96489054, -0.000963751227, -0.0450089388, -0.998986065, 0.791648686, 0.610322475, -0.0282615758, 0.610975742, -0.79087323, 0.0350430682), DesiredAngle = nil},
        ["Right Arm"] = {C0 = CFrame.new(0.940821171, 0.462452412, 0.0357219651, 0.145820126, -0.0949334428, 0.984745741, -0.040082477, 0.994001031, 0.101761065, -0.988498807, -0.0543098524, 0.141140178), DesiredAngle = nil},
        ["Head"] = {C0 = CFrame.new(0, 1.01666212, 0, -0.99750191, 0.0643045753, -0.0292386413, -0.0378871337, -0.137680382, 0.989751816, 0.0596199781, 0.988387048, 0.139772773), DesiredAngle = nil},
        ["Torso"] = {C0 = CFrame.new(0.0295845494, -0.23657994, -0.368448168, -0.998354018, -0.0447360538, 0.0358877033, 0.0162648279, 0.379205465, 0.925169528, -0.0549972467, 0.924230456, -0.377853692), DesiredAngle = nil},
        ["Right Leg"] = {C0 = CFrame.new(0.915566921, -0.596223474, -0.766415775, -0.053845197, -0.0413886942, 0.997691154, 0.29882893, 0.952682734, 0.0556492843, -0.952786446, 0.301135451, -0.0389292464), DesiredAngle = nil},
        ["Left Arm"] = {C0 = CFrame.new(-0.97490567, 0.334848404, 0.0570979305, -0.204992652, 0.113998905, -0.972101986, -0.453374088, 0.869156539, 0.197531983, 0.86742723, 0.481218457, -0.12648654), DesiredAngle = nil},
    }
},

{
    Time = 0.016,
    Motors = {
        ["Left Leg"] = {C0 = CFrame.new(-0.99784708, -1.11266696, -1.09599137, -0.000701806508, -0.0277895741, -0.999613583, 0.851817191, 0.52361989, -0.0151548423, 0.523838699, -0.851498663, 0.023304157), DesiredAngle = nil},
        ["Right Arm"] = {C0 = CFrame.new(0.947030783, 0.462418288, -0.0449345596, 0.0869700387, -0.106315024, 0.990521729, 0.00964474957, 0.994332433, 0.105877198, -0.996164262, 0.000345190056, 0.0875025168), DesiredAngle = nil},
        ["Head"] = {C0 = CFrame.new(0, 1.01666212, 0, -0.998390377, 0.0525612161, -0.0213077459, -0.0260988344, -0.0922190398, 0.995396614, 0.0503542647, 0.994350493, 0.0934423953), DesiredAngle = nil},
        ["Torso"] = {C0 = CFrame.new(0.0206934698, -0.217976317, -0.349168062, -0.998992622, -0.037218377, 0.0250697471, 0.0100597031, 0.358705789, 0.933396459, -0.0437321663, 0.932708383, -0.357970029), DesiredAngle = nil},
        ["Right Leg"] = {C0 = CFrame.new(0.931063592, -0.701592207, -0.592412591, -0.043096114, -0.0349774137, 0.998458445, 0.279405832, 0.959086955, 0.0456580669, -0.959205508, 0.280942798, -0.0315600373), DesiredAngle = nil},
        ["Left Arm"] = {C0 = CFrame.new(-0.966973066, 0.329542935, 0.136389792, -0.146438718, 0.126348183, -0.981117606, -0.415334493, 0.892301977, 0.17690213, 0.897804499, 0.433397323, -0.0781907886), DesiredAngle = nil},
    }
},

{
    Time = 0.017,
    Motors = {
        ["Left Leg"] = {C0 = CFrame.new(-0.984929919, -1.11486471, -1.21314311, 0.00310367579, -0.00986033306, -0.999946594, 0.887044966, 0.461679608, -0.00179931056, 0.461672664, -0.886992037, 0.0101794619), DesiredAngle = nil},
        ["Right Arm"] = {C0 = CFrame.new(0.953769207, 0.46229887, -0.119961247, 0.0271583889, -0.113972142, 0.993112624, 0.0589223094, 0.99193424, 0.112225562, -0.997893095, 0.0554686151, 0.0336548537), DesiredAngle = nil},
        ["Head"] = {C0 = CFrame.new(0, 1.01666152, 0, -0.999092042, 0.0408850424, -0.0119801676, -0.0140744755, -0.0513272323, 0.998582721, 0.0402121879, 0.997844636, 0.0518560596), DesiredAngle = nil},
        ["Torso"] = {C0 = CFrame.new(0.0115728984, -0.197089612, -0.326505542, -0.999485612, -0.0288545471, 0.0139960069, 0.00352552952, 0.334917426, 0.942240894, -0.031875439, 0.941805542, -0.334643424), DesiredAngle = nil},
        ["Right Leg"] = {C0 = CFrame.new(0.945178866, -0.805536151, -0.403776914, -0.0318978354, -0.0264995396, 0.999139786, 0.260252893, 0.964945138, 0.0339012705, -0.965013444, 0.261110425, -0.0238830782), DesiredAngle = nil},
        ["Left Arm"] = {C0 = CFrame.new(-0.959876418, 0.326711118, 0.215357244, -0.086810939, 0.134726465, -0.987072766, -0.371601611, 0.914924562, 0.157560468, 0.924324632, 0.380475789, -0.029360868), DesiredAngle = nil},
    }
},

{
    Time = 0.016,
    Motors = {
        ["Left Leg"] = {C0 = CFrame.new(-0.97211355, -1.07527184, -1.29340506, 0.00705117453, 0.0043054074, -0.999965847, 0.891905189, 0.452147394, 0.00823593978, 0.452167422, -0.891932845, -0.000651845476), DesiredAngle = nil},
        ["Right Arm"] = {C0 = CFrame.new(0.959027767, 0.462145329, -0.167723298, -0.0160515029, -0.116987944, 0.993003607, 0.0936658084, 0.988588393, 0.117981851, -0.995474279, 0.0949042737, -0.00491055287), DesiredAngle = nil},
        ["Head"] = {C0 = CFrame.new(0, 1.016662, 0, -0.999473512, 0.0321487673, -0.00438003428, -0.00524297729, -0.0268068742, 0.999626875, 0.0320193581, 0.999123514, 0.0269613173), DesiredAngle = nil},
        ["Torso"] = {C0 = CFrame.new(0.00471430086, -0.180654347, -0.307759911, -0.999741077, -0.0220325124, 0.00568848476, -0.00155593245, 0.315592378, 0.948893547, -0.0227017533, 0.948639035, -0.315544933), DesiredAngle = nil},
        ["Right Leg"] = {C0 = CFrame.new(0.953693449, -0.876598775, -0.263561726, -0.0231525302, -0.0191658568, 0.999548197, 0.242993623, 0.96972543, 0.0242224801, -0.969751537, 0.243444651, -0.0177944154), DesiredAngle = nil},
