print("KETYEEY")
local keyFrames = {
  

{
    Time = 0.018,
    Motors = {
        ["Left Leg"] = {C0 = CFrame.new(-0.945056915, -0.935055017, -1.41237342, 0.0128118461, 0.0295912642, -0.999480009, 0.868886232, 0.49434045, 0.0257735979, 0.494846046, -0.868764639, -0.0193780288), DesiredAngle = nil},
        ["Right Arm"] = {C0 = CFrame.new(0.967826068, 0.464328945, -0.231972858, -0.083510302, -0.117519468, 0.989553034, 0.146731347, 0.98074764, 0.128856674, -0.985644937, 0.155959308, -0.0646587536), DesiredAngle = nil},
        ["Head"] = {C0 = CFrame.new(0, 1.01666212, -5.08517644e-07, -0.999804616, 0.0176266246, 0.00894206855, 0.0090119997, 0.00389155815, 0.999951839, 0.0175909735, 0.999837041, -0.00404966436), DesiredAngle = nil},
        ["Torso"] = {C0 = CFrame.new(-0.00654750643, -0.15338318, -0.275321424, -0.999919355, -0.00994777493, -0.00789683778, -0.0103864418, 0.282581657, 0.959187031, -0.00731027452, 0.95919168, -0.282662183), DesiredAngle = nil},
        ["Right Leg"] = {C0 = CFrame.new(0.964603662, -0.992230058, 0.0534829609, -0.00883355085, -0.0056345528, 0.999945104, 0.257260144, 0.966311395, 0.00771767646, -0.966301799, 0.257314205, -0.00708641531), DesiredAngle = nil},
        ["Left Arm"] = {C0 = CFrame.new(-0.949674904, 0.328945875, 0.358229309, 0.0240463857, 0.138299838, -0.990098417, -0.279553652, 0.951805115, 0.126161441, 0.959828854, 0.273751915, 0.0615497231), DesiredAngle = nil},
    }
},

{
    Time = 0.016,
    Motors = {
        ["Left Leg"] = {C0 = CFrame.new(-0.916351974, -0.741789997, -1.46964872, 0.0133949481, 0.0515732057, -0.998579383, 0.808695734, 0.586785793, 0.0411533229, 0.588074565, -0.808098137, -0.0338470675), DesiredAngle = nil},
        ["Right Arm"] = {C0 = CFrame.new(0.974769235, 0.470436156, -0.26622802, -0.131890073, -0.114553913, 0.984622955, 0.184369117, 0.973133028, 0.137913361, -0.973967671, 0.199723482, -0.107226387), DesiredAngle = nil},
        ["Head"] = {C0 = CFrame.new(0, 1.01666212, -5.08517644e-07, -0.999788404, 0.00586568192, 0.0197172817, 0.0198146608, 0.017033916, 0.999658525, 0.00552780461, 0.999837697, -0.0171465427), DesiredAngle = nil},
        ["Torso"] = {C0 = CFrame.new(-0.0151848998, -0.132774249, -0.249095172, -0.999830782, 0.000212554121, -0.0183951184, -0.0177253783, 0.256461978, 0.966391742, 0.00492306147, 0.966554284, -0.256414831), DesiredAngle = nil},
        ["Right Leg"] = {C0 = CFrame.new(0.967193663, -0.993438721, 0.103383116, 0.00273985672, 0.00488504954, 0.999984324, 0.163196489, 0.986579537, -0.00526670832, -0.986589789, 0.163208351, 0.00190586247), DesiredAngle = nil},
        ["Left Arm"] = {C0 = CFrame.new(-0.946604252, 0.335223734, 0.417681158, 0.0726764053, 0.134188935, -0.988287151, -0.233856976, 0.965575457, 0.113907844, 0.969550967, 0.222839415, 0.101555571), DesiredAngle = nil},
    }
},

{
    Time = 0.018,
    Motors = {
        ["Left Leg"] = {C0 = CFrame.new(-0.88526988, -0.51865381, -1.46798921, 0.00779763982, 0.0726590306, -0.997326374, 0.705462635, 0.706452668, 0.0569834597, 0.708704233, -0.704020798, -0.0457495637), DesiredAngle = nil},
        ["Right Arm"] = {C0 = CFrame.new(0.981541812, 0.478863478, -0.288763404, -0.176026985, -0.10953597, 0.97827214, 0.219271988, 0.964458406, 0.147444293, -0.959653258, 0.240461826, -0.145752564), DesiredAngle = nil},
        ["Head"] = {C0 = CFrame.new(0, 1.01666212, -5.08517644e-07, -0.999531031, -0.00607388001, 0.0300153159, 0.0298818797, 0.0209820084, 0.999333203, -0.00669958629, 0.999761403, -0.0207906775), DesiredAngle = nil},
        ["Torso"] = {C0 = CFrame.new(-0.0233270004, -0.114243113, -0.224040687, -0.999540627, 0.0108358739, -0.0283031259, -0.0250152219, 0.232235119, 0.972337961, 0.017109111, 0.972599328, -0.231857374), DesiredAngle = nil},
        ["Right Leg"] = {C0 = CFrame.new(0.969567835, -0.992661715, 0.145772368, 0.0126262465, 0.0170752965, 0.999774456, 0.0724397525, 0.997211337, -0.0179463662, -0.997292876, 0.0726500079, 0.0113541065), DesiredAngle = nil},
        ["Left Arm"] = {C0 = CFrame.new(-0.944437683, 0.344589323, 0.467852682, 0.117018253, 0.127136394, -0.98495841, -0.187921956, 0.976689696, 0.103742979, 0.975188255, 0.172955498, 0.138182223), DesiredAngle = nil},
    }
},

{
    Time = 0.015,
    Motors = {
        ["Left Leg"] = {C0 = CFrame.new(-0.859390676, -0.324492455, -1.41129708, -0.00305067189, 0.088883996, -0.996037304, 0.565786779, 0.821439564, 0.0715704113, 0.82454592, -0.563326418, -0.0527953357), DesiredAngle = nil},
        ["Right Arm"] = {C0 = CFrame.new(0.988007247, 0.488041371, -0.301881969, -0.216315582, -0.1030211, 0.970872939, 0.252685696, 0.954627216, 0.157596931, -0.943057537, 0.279416353, -0.180468783), DesiredAngle = nil},
        ["Head"] = {C0 = CFrame.new(0, 1.01666152, -5.08517644e-07, -0.99905324, -0.0184217021, 0.0394115299, 0.0391204804, 0.0159016885, 0.999107957, -0.019031968, 0.999703825, -0.01516598), DesiredAngle = nil},
        ["Torso"] = {C0 = CFrame.new(-0.0308892243, -0.0986354649, -0.201402351, -0.999065995, 0.0214304253, -0.0375211611, -0.0321611986, 0.211121038, 0.976930678, 0.0288575441, 0.977224946, -0.210234627), DesiredAngle = nil},
        ["Right Leg"] = {C0 = CFrame.new(0.971639752, -0.990287602, 0.181384355, 0.020962853, 0.0302484818, 0.999322534, -0.0124010928, 0.999473155, -0.0299928933, -0.999703348, -0.0117639322, 0.0213269368), DesiredAngle = nil},
        ["Left Arm"] = {C0 = CFrame.new(-0.942799985, 0.356513739, 0.507907927, 0.157310486, 0.117744938, -0.980504751, -0.141233847, 0.985343039, 0.0956666321, 0.97739774, 0.123431079, 0.171634376), DesiredAngle = nil},
    }
},

{
    Time = 0.017,
    Motors = {
        ["Left Leg"] = {C0 = CFrame.new(-0.848559022, -0.230943203, -1.35064685, -0.0131148119, 0.0952136144, -0.995370448, 0.449982822, 0.889521897, 0.0791596249, 0.892940879, -0.446861446, -0.0545104146), DesiredAngle = nil},
        ["Right Arm"] = {C0 = CFrame.new(0.992600501, 0.494297892, -0.306424022, -0.244187504, -0.0973113552, 0.96483314, 0.277472049, 0.946341515, 0.16567114, -0.929183364, 0.308169037, -0.204083592), DesiredAngle = nil},
        ["Head"] = {C0 = CFrame.new(0, 1.016662, -5.08517644e-07, -0.998571694, -0.0279299114, 0.0455465689, 0.0454048961, 0.00568625936, 0.998952508, -0.0281596463, 0.999593735, -0.0044099777), DesiredAngle = nil},
        ["Torso"] = {C0 = CFrame.new(-0.0360716619, -0.0896567851, -0.187141567, -0.998606145, 0.0293462723, -0.0438697077, -0.0371860527, 0.198665559, 0.979361653, 0.0374560058, 0.979627907, -0.197297364), DesiredAngle = nil},
        ["Right Leg"] = {C0 = CFrame.new(0.972999513, -0.987535775, 0.203528658, 0.0261023939, 0.0403115042, 0.998846173, -0.0700645894, 0.996803164, -0.0383980758, -0.997200906, -0.0689814538, 0.0288433656), DesiredAngle = nil},
        ["Left Arm"] = {C0 = CFrame.new(-0.941712499, 0.366992474, 0.529735386, 0.184971645, 0.109438695, -0.976631284, -0.105294146, 0.990266502, 0.0910241678, 0.977086842, 0.08599668, 0.194694474), DesiredAngle = nil},
    }
},

{
    Time = 0.017,
    Motors = {
        ["Left Leg"] = {C0 = CFrame.new(-0.841405153, -0.146252096, -1.25068402, -0.0312186815, 0.0974003151, -0.994755566, 0.252064824, 0.963840008, 0.0864626393, 0.967206657, -0.248043641, -0.0546409972), DesiredAngle = nil},
        ["Right Arm"] = {C0 = CFrame.new(0.999829412, 0.502303004, -0.309268713, -0.287563145, -0.0865104571, 0.953846633, 0.31914112, 0.930341542, 0.180592448, -0.903026223, 0.356343418, -0.239922881), DesiredAngle = nil},
        ["Head"] = {C0 = CFrame.new(0, 1.0166626, -5.08517644e-07, -0.997571945, -0.0437870547, 0.0541558303, 0.0550555252, -0.0196082145, 0.998290718, -0.0426503122, 0.998848438, 0.0219713226), DesiredAngle = nil},
        ["Torso"] = {C0 = CFrame.new(-0.0440204814, -0.0790412351, -0.168254063, -0.997682452, 0.0421193317, -0.0534383617, -0.0448402725, 0.183711588, 0.981956899, 0.0511766151, 0.98207736, -0.1813972), DesiredAngle = nil},
        ["Right Leg"] = {C0 = CFrame.new(0.975006759, -0.982042849, 0.234824225, 0.0332002155, 0.0570185371, 0.997820914, -0.155758753, 0.986467957, -0.0511872657, -0.987237036, -0.153719917, 0.0416320972), DesiredAngle = nil},
        ["Left Arm"] = {C0 = CFrame.new(-0.939729333, 0.385941148, 0.554309428, 0.227758944, 0.0937646702, -0.969192445, -0.0434450842, 0.995340109, 0.0860847905, 0.972747862, 0.0225000642, 0.230771214), DesiredAngle = nil},
    }
},

{
    Time = 0.017,
    Motors = {
        ["Left Leg"] = {C0 = CFrame.new(-0.844096184, -0.146117389, -1.17780054, -0.0468055345, 0.0924479961, -0.994616807, 0.0983210057, 0.991299391, 0.0875127614, 0.994053423, -0.0936956406, -0.0554878898), DesiredAngle = nil},
        ["Right Arm"] = {C0 = CFrame.new(1.00503254, 0.504196584, -0.308193982, -0.319405407, -0.0770175904, 0.944483161, 0.354146004, 0.914770365, 0.194359824, -0.878954291, 0.396564543, -0.264907092), DesiredAngle = nil},
        ["Head"] = {C0 = CFrame.new(0, 1.01666212, -1.81860083e-12, -0.996662617, -0.0564722568, 0.0589453429, 0.0617648065, -0.049554199, 0.996859848, -0.0533739403, 0.997173667, 0.0528768077), DesiredAngle = nil},
        ["Torso"] = {C0 = CFrame.new(-0.0495170057, -0.0764801949, -0.160196483, -0.996860921, 0.0514775664, -0.060152337, -0.0499792174, 0.180081889, 0.982381046, 0.0614029393, 0.982303679, -0.176943794), DesiredAngle = nil},
        ["Right Leg"] = {C0 = CFrame.new(0.97630173, -0.976906061, 0.253860533, 0.0377570093, 0.0694767311, 0.996868789, -0.210242257, 0.975803614, -0.0600455329, -0.976919949, -0.207316801, 0.0514503792), DesiredAngle = nil},
        ["Left Arm"] = {C0 = CFrame.new(-0.937596917, 0.402369261, 0.558983684, 0.258798122, 0.079855077, -0.962624907, 0.0087450901, 0.996342301, 0.0850032046, 0.965891838, -0.0304169133, 0.257153153), DesiredAngle = nil},
    }
},

{
    Time = 0.016,
    Motors = {
        ["Left Leg"] = {C0 = CFrame.new(-0.849298954, -0.17657131, -1.10505164, -0.0631957874, 0.083914198, -0.99446708, -0.0543446392, 0.994691074, 0.0873865411, 0.99652046, 0.0595663935, -0.0583000146), DesiredAngle = nil},
        ["Right Arm"] = {C0 = CFrame.new(1.00965559, 0.501330674, -0.304867417, -0.348953784, -0.0667907372, 0.934756756, 0.390607774, 0.896316707, 0.209861755, -0.85185492, 0.438355327, -0.286684155), DesiredAngle = nil},
        ["Head"] = {C0 = CFrame.new(0, 1.01666212, -5.08514006e-07, -0.9957183, -0.0688675717, 0.0616632625, 0.0677170679, -0.0893385485, 0.99369663, -0.0629245564, 0.993617535, 0.0936195478), DesiredAngle = nil},
        ["Torso"] = {C0 = CFrame.new(-0.0543853454, -0.0819162726, -0.161223277, -0.996015787, 0.0599051043, -0.0660599247, -0.0538020395, 0.187100634, 0.980866313, 0.0711187497, 0.9805125, -0.183132187), DesiredAngle = nil},
        ["Right Leg"] = {C0 = CFrame.new(0.977294564, -0.971769333, 0.268407524, 0.0417497829, 0.0806032196, 0.995871544, -0.249022394, 0.966124713, -0.0677558556, -0.967597425, -0.245165527, 0.0604075044), DesiredAngle = nil},
        ["Left Arm"] = {C0 = CFrame.new(-0.9347139, 0.41908738, 0.547229886, 0.287598193, 0.0651058778, -0.95553571, 0.063052997, 0.994235337, 0.0867204592, 0.955673337, -0.0851900429, 0.281835139), DesiredAngle = nil},
    }
},

{
    Time = 0.016,
    Motors = {
        ["Left Leg"] = {C0 = CFrame.new(-0.854243815, -0.213640928, -1.04974961, -0.0751568675, 0.0758603066, -0.994282007, -0.166128859, 0.98221457, 0.0874971151, 0.983235836, 0.171754941, -0.0612176061), DesiredAngle = nil},
        ["Right Arm"] = {C0 = CFrame.new(1.01264942, 0.496724665, -0.300389379, -0.368757933, -0.0590162724, 0.927650094, 0.417295516, 0.881251395, 0.221947029, -0.830591381, 0.46894896, -0.300341219), DesiredAngle = nil},
        ["Head"] = {C0 = CFrame.new(0, 1.01666212, -5.08517644e-07, -0.995040178, -0.0775361434, 0.0623151436, 0.0716975704, -0.124787897, 0.989589572, -0.0689528063, 0.989149213, 0.129728109), DesiredAngle = nil},
        ["Torso"] = {C0 = CFrame.new(-0.05761078, -0.0919367969, -0.168489486, -0.995412469, 0.0652299523, -0.0699929297, -0.0556984991, 0.199734658, 0.978265643, 0.0777922571, 0.977676332, -0.195185155), DesiredAngle = nil},
        ["Right Leg"] = {C0 = CFrame.new(0.977877319, -0.968240499, 0.276371717, 0.0445511788, 0.0876388922, 0.995155573, -0.266651839, 0.961047292, -0.0726976469, -0.962762713, -0.26212129, 0.0661848485), DesiredAngle = nil},
        ["Left Arm"] = {C0 = CFrame.new(-0.932218969, 0.431127012, 0.527436912, 0.307173938, 0.054048989, -0.95011729, 0.102960654, 0.990637898, 0.0896413773, 0.946067274, -0.125360191, 0.298733264), DesiredAngle = nil},
    }
},

{
    Time = 0.018,
    Motors = {
        ["Left Leg"] = {C0 = CFrame.new(-0.863696277, -0.289237976, -0.962154686, -0.0923678055, 0.0604095086, -0.993890762, -0.337258607, 0.937260807, 0.0883108154, 0.936869681, 0.343355268, -0.0661990866), DesiredAngle = nil},
        ["Right Arm"] = {C0 = CFrame.new(1.01690578, 0.487427324, -0.291731775, -0.397192776, -0.0462106764, 0.916571021, 0.457528621, 0.855795741, 0.241414964, -0.795553565, 0.515245795, -0.31877321), DesiredAngle = nil},
        ["Head"] = {C0 = CFrame.new(0, 1.01666212, -5.08517644e-07, -0.993987143, -0.0904381499, 0.0617294908, 0.0776219368, -0.184361845, 0.979788482, -0.0772296861, 0.978688717, 0.190273285), DesiredAngle = nil},
        ["Torso"] = {C0 = CFrame.new(-0.0623462498, -0.11288999, -0.185238749, -0.994481921, 0.0725364015, -0.0757902488, -0.0576617643, 0.225590467, 0.972514331, 0.0876402482, 0.971518099, -0.220163077), DesiredAngle = nil},
        ["Right Leg"] = {C0 = CFrame.new(0.978632689, -0.963006556, 0.286235213, 0.0486036725, 0.0975936428, 0.99403882, -0.284987152, 0.955199957, -0.0798460022, -0.957298279, -0.279407501, 0.0742391497), DesiredAngle = nil},
        ["Left Arm"] = {C0 = CFrame.new(-0.928077817, 0.449418932, 0.487300605, 0.335414976, 0.0361111686, -0.941378117, 0.16425842, 0.981716752, 0.0961841866, 0.927639961, -0.1868909, 0.323350936), DesiredAngle = nil},
    }
},

{
    Time = 0.017,
    Motors = {
        ["Left Leg"] = {C0 = CFrame.new(-0.871904075, -0.356201231, -0.903847635, -0.102401271, 0.0482395217, -0.993572831, -0.446550488, 0.890296221, 0.0892484114, 0.888879418, 0.452819586, -0.0696260929), DesiredAngle = nil},
        ["Right Arm"] = {C0 = CFrame.new(1.01936233, 0.47976768, -0.284822732, -0.413852632, -0.0376525521, 0.909564912, 0.482715607, 0.838035345, 0.254327416, -0.771823585, 0.544315219, -0.328647673), DesiredAngle = nil},
        ["Head"] = {C0 = CFrame.new(0, 1.01666152, -5.08517644e-07, -0.993328571, -0.0983087569, 0.0602806509, 0.081296891, -0.226244047, 0.970672131, -0.0817874223, 0.969097018, 0.232726887), DesiredAngle = nil},
        ["Torso"] = {C0 = CFrame.new(-0.0652213544, -0.130853355, -0.20025453, -0.993909061, 0.0765658468, -0.0792623162, -0.0581021309, 0.247085139, 0.967250288, 0.0936428607, 0.965964079, -0.241131529), DesiredAngle = nil},
        ["Right Leg"] = {C0 = CFrame.new(0.979021192, -0.959855437, 0.290595055, 0.0511354506, 0.103070647, 0.993358731, -0.289932728, 0.953354001, -0.0839948058, -0.955679953, -0.283712089, 0.0786337405), DesiredAngle = nil},
        ["Left Arm"] = {C0 = CFrame.new(-0.92519474, 0.460899889, 0.454086035, 0.352143198, 0.0242300853, -0.935632467, 0.203158692, 0.97385174, 0.101682536, 0.913631082, -0.225888684, 0.338012725), DesiredAngle = nil},
    }
},

{
    Time = 0.016,
    Motors = {
        ["Left Leg"] = {C0 = CFrame.new(-0.87863183, -0.410561144, -0.863346756, -0.108411223, 0.0389538258, -0.993342638, -0.519931436, 0.849447668, 0.0900551677, 0.847300589, 0.526233077, -0.0718363523), DesiredAngle = nil},
        ["Right Arm"] = {C0 = CFrame.new(1.02089763, 0.473916352, -0.279619634, -0.424448609, -0.0318387598, 0.904892027, 0.499311477, 0.825461686, 0.263251007, -0.755335331, 0.563559532, -0.334468603), DesiredAngle = nil},
        ["Head"] = {C0 = CFrame.new(0, 1.01666152, -5.08517644e-07, -0.992894173, -0.103407547, 0.0588901266, 0.0837669, -0.25583753, 0.963083684, -0.084523797, 0.961173236, 0.262681752), DesiredAngle = nil},
        ["Torso"] = {C0 = CFrame.new(-0.0670817196, -0.144902691, -0.212069005, -0.993537426, 0.0789758414, -0.0815244541, -0.0580705479, 0.263453901, 0.962922573, 0.097525537, 0.961433768, -0.257165134), DesiredAngle = nil},
        ["Right Leg"] = {C0 = CFrame.new(0.97923702, -0.957826614, 0.292753369, 0.0528781302, 0.106383659, 0.992918134, -0.290609598, 0.952912807, -0.0866208896, -0.955379486, -0.28397119, 0.0813043714), DesiredAngle = nil},
        ["Left Arm"] = {C0 = CFrame.new(-0.923164725, 0.468542486, 0.428667635, 0.362893313, 0.016067747, -0.931692183, 0.229224831, 0.967587948, 0.105969667, 0.903196812, -0.252022654, 0.347448081), DesiredAngle = nil},
    }
},

{
    Time = 0.017,
    Motors = {
        ["Left Leg"] = {C0 = CFrame.new(-0.881367803, -0.432314456, -0.848186612, -0.110353976, 0.0353722647, -0.993262708, -0.546783149, 0.832380593, 0.0903918818, 0.829970002, 0.553074419, -0.0725155622), DesiredAngle = nil},
        ["Right Arm"] = {C0 = CFrame.new(1.02142656, 0.471579164, -0.277572483, -0.428186148, -0.0296485648, 0.903204083, 0.505354941, 0.820722282, 0.266516954, -0.749181569, 0.570557535, -0.336438864), DesiredAngle = nil},
        ["Head"] = {C0 = CFrame.new(0, 1.01666212, -5.08517644e-07, -0.992741287, -0.105223596, 0.0582471527, 0.0846320391, -0.267082274, 0.959950268, -0.085452646, 0.957911849, 0.274048865), DesiredAngle = nil},
        ["Torso"] = {C0 = CFrame.new(-0.0677461401, -0.150580496, -0.216864958, -0.993404508, 0.0798474699, -0.0822914168, -0.0579188988, 0.269960761, 0.961127758, 0.0989590734, 0.959554911, -0.263555586), DesiredAngle = nil},
        ["Right Leg"] = {C0 = CFrame.new(0.979323387, -0.957092762, 0.29335767, 0.0535202138, 0.107501775, 0.992763281, -0.290171415, 0.952961624, -0.0875485986, -0.95547694, -0.283385903, 0.082196638), DesiredAngle = nil},
        ["Left Arm"] = {C0 = CFrame.new(-0.922379971, 0.471323192, 0.418534219, 0.366709739, 0.0130706131, -0.930243552, 0.238710761, 0.965104163, 0.107662231, 0.899189115, -0.261539936, 0.350792974), DesiredAngle = nil},
    }
},



}

return keyFrames 
